0.41025641025641035
0.15384615384615388
0.2307692307692308
0.10256410256410259
0.0
0.10256410256410259
0.044444444444444446
0.16666666666666666
0.4777777777777778
0.23333333333333334
0.022222222222222223
0.05555555555555556
0.01348747591522158
0.07514450867052024
0.7148362235067437
0.16184971098265893
0.02119460500963391
0.01348747591522158
0.03424657534246575
0.12328767123287669
0.547945205479452
0.21232876712328763
0.04794520547945205
0.03424657534246575
0.15384615384615385
0.19230769230769232
0.4230769230769231
0.07692307692307693
0.07692307692307693
0.07692307692307693
0.08823529411764705
0.2058823529411765
0.14705882352941177
0.11764705882352941
0.11764705882352941
0.3235294117647059
