0.282051282051282
0.10256410256410255
0.30769230769230765
0.1282051282051282
0.025641025641025637
0.15384615384615383
0.0423728813559322
0.17796610169491525
0.5169491525423728
0.18644067796610167
0.0423728813559322
0.03389830508474576
0.023965141612200435
0.11982570806100218
0.607843137254902
0.2047930283224401
0.026143790849673207
0.017429193899782137
0.04519774011299435
0.15254237288135594
0.5197740112994351
0.2485875706214689
0.01694915254237288
0.01694915254237288
0.037037037037037035
0.22222222222222224
0.2962962962962963
0.2962962962962963
0.037037037037037035
0.11111111111111112
0.06451612903225806
0.16129032258064516
0.25806451612903225
0.12903225806451613
0.16129032258064516
0.22580645161290322
