0.20588235294117646
0.17647058823529413
0.3235294117647059
0.17647058823529413
0.058823529411764705
0.058823529411764705
0.05617977528089889
0.11235955056179778
0.4382022471910113
0.31460674157303375
0.05617977528089889
0.022471910112359553
0.012684989429175477
0.07822410147991544
0.6109936575052854
0.25369978858350956
0.025369978858350954
0.019027484143763214
0.05825242718446603
0.12621359223300974
0.5728155339805826
0.21359223300970878
0.024271844660194178
0.004854368932038835
0.1
0.23333333333333334
0.23333333333333334
0.2
0.06666666666666667
0.16666666666666666
0.04166666666666666
0.12499999999999999
0.37499999999999994
0.08333333333333331
0.16666666666666663
0.20833333333333331
