0.16666666666666669
0.20833333333333337
0.33333333333333337
0.08333333333333334
0.12500000000000003
0.08333333333333334
0.06329113924050632
0.07594936708860758
0.5696202531645569
0.22784810126582278
0.03797468354430379
0.025316455696202528
0.013157894736842103
0.06743421052631578
0.6644736842105262
0.2319078947368421
0.013157894736842103
0.009868421052631578
0.028985507246376812
0.08695652173913043
0.6618357487922706
0.20289855072463767
0.014492753623188406
0.004830917874396135
0.0
0.2608695652173913
0.3913043478260869
0.13043478260869565
0.08695652173913042
0.13043478260869565
0.06666666666666667
0.2
0.3333333333333333
0.06666666666666667
0.26666666666666666
0.06666666666666667
