0.10256410256410257
0.28205128205128205
0.33333333333333337
0.15384615384615385
0.07692307692307693
0.05128205128205129
0.061728395061728406
0.1851851851851852
0.4135802469135803
0.24074074074074076
0.05555555555555556
0.04320987654320988
0.024122807017543865
0.13815789473684212
0.5328947368421053
0.2214912280701755
0.057017543859649134
0.026315789473684216
0.057142857142857155
0.2
0.5047619047619049
0.18095238095238098
0.038095238095238106
0.019047619047619053
0.038461538461538464
0.17307692307692307
0.34615384615384615
0.3653846153846154
0.057692307692307696
0.019230769230769232
0.0
0.2
0.2571428571428571
0.2
0.08571428571428572
0.2571428571428571
