0.23684210526315796
0.1578947368421053
0.3157894736842106
0.18421052631578952
0.0
0.10526315789473685
0.0449438202247191
0.14606741573033707
0.47191011235955055
0.23595505617977527
0.0449438202247191
0.056179775280898875
0.013333333333333334
0.09333333333333334
0.6288888888888889
0.22888888888888892
0.022222222222222223
0.013333333333333334
0.07692307692307693
0.12087912087912088
0.532967032967033
0.22527472527472528
0.021978021978021976
0.021978021978021976
0.13043478260869568
0.043478260869565216
0.4347826086956522
0.26086956521739135
0.08695652173913043
0.043478260869565216
0.07407407407407408
0.18518518518518523
0.22222222222222227
0.14814814814814817
0.11111111111111113
0.2592592592592593
