0.04761904761904761
0.3809523809523809
0.4285714285714286
0.14285714285714285
0.0
0.0
0.0594059405940594
0.1386138613861386
0.5346534653465346
0.18811881188118812
0.0396039603960396
0.0396039603960396
0.01568627450980392
0.09411764705882353
0.6705882352941176
0.16862745098039217
0.03333333333333333
0.01764705882352941
0.039735099337748346
0.15894039735099338
0.5629139072847683
0.18543046357615894
0.033112582781456956
0.019867549668874173
0.0
0.23076923076923073
0.3846153846153846
0.34615384615384615
0.0
0.03846153846153845
0.0
0.041666666666666664
0.4166666666666667
0.25
0.0
0.2916666666666667
