0.38596491228070173
0.10526315789473684
0.31578947368421045
0.12280701754385964
0.0
0.07017543859649122
0.03669724770642203
0.20183486238532114
0.4036697247706423
0.25688073394495414
0.03669724770642203
0.06422018348623854
0.03037383177570093
0.09813084112149532
0.6121495327102803
0.2009345794392523
0.037383177570093455
0.021028037383177565
0.03954802259887006
0.16949152542372883
0.4858757062146893
0.24293785310734464
0.02259887005649718
0.03954802259887006
0.20000000000000004
0.10000000000000002
0.33333333333333337
0.23333333333333336
0.10000000000000002
0.03333333333333334
0.12195121951219513
0.14634146341463417
0.19512195121951223
0.14634146341463417
0.07317073170731708
0.3170731707317073
