0.24444444444444446
0.1111111111111111
0.33333333333333337
0.2
0.044444444444444446
0.06666666666666667
0.1125
0.08750000000000001
0.5750000000000001
0.17500000000000002
0.05
0.0
0.023529411764705882
0.09019607843137256
0.6549019607843137
0.17058823529411765
0.03137254901960784
0.029411764705882356
0.04545454545454546
0.09090909090909093
0.6168831168831169
0.2272727272727273
0.006493506493506494
0.012987012987012988
0.18518518518518515
0.11111111111111109
0.4074074074074074
0.18518518518518515
0.0
0.11111111111111109
0.027777777777777783
0.13888888888888892
0.25000000000000006
0.11111111111111113
0.11111111111111113
0.36111111111111116
