0.2272727272727273
0.2272727272727273
0.3181818181818182
0.09090909090909091
0.045454545454545456
0.09090909090909091
0.06060606060606061
0.1616161616161616
0.48484848484848486
0.23232323232323235
0.05050505050505051
0.0101010101010101
0.024608501118568233
0.10514541387024608
0.5503355704697986
0.2684563758389262
0.035794183445190156
0.015659955257270694
0.06310679611650485
0.10679611650485436
0.5388349514563107
0.2378640776699029
0.029126213592233007
0.024271844660194174
0.09374999999999999
0.09374999999999999
0.6249999999999999
0.15624999999999997
0.031249999999999993
0.0
0.047619047619047616
0.047619047619047616
0.38095238095238093
0.2380952380952381
0.09523809523809523
0.19047619047619047
