0.21538461538461537
0.23076923076923073
0.3076923076923076
0.13846153846153844
0.04615384615384615
0.06153846153846153
0.05645161290322581
0.20967741935483872
0.4516129032258065
0.20161290322580644
0.048387096774193554
0.03225806451612903
0.04859335038363172
0.11253196930946292
0.5191815856777493
0.23017902813299232
0.05370843989769821
0.03580562659846548
0.09375
0.14583333333333334
0.4479166666666667
0.25520833333333337
0.036458333333333336
0.020833333333333332
0.049999999999999996
0.09999999999999999
0.39999999999999997
0.24999999999999994
0.049999999999999996
0.14999999999999997
0.11627906976744184
0.1627906976744186
0.2325581395348837
0.20930232558139533
0.023255813953488372
0.2558139534883721
