0.11111111111111109
0.11111111111111109
0.44444444444444436
0.16666666666666663
0.16666666666666663
0.0
0.0
0.11764705882352941
0.6029411764705882
0.23529411764705882
0.029411764705882353
0.014705882352941176
0.012578616352201255
0.05817610062893081
0.6902515723270439
0.22169811320754715
0.01572327044025157
0.0015723270440251569
0.028571428571428577
0.1
0.6571428571428573
0.20952380952380958
0.0
0.004761904761904762
0.06666666666666667
0.0
0.6
0.3333333333333333
0.0
0.0
0.33333333333333337
0.0
0.33333333333333337
0.33333333333333337
0.0
0.0
