0.23255813953488372
0.16279069767441862
0.3023255813953489
0.13953488372093023
0.09302325581395347
0.06976744186046512
0.04672897196261682
0.13084112149532712
0.5327102803738318
0.205607476635514
0.06542056074766356
0.018691588785046728
0.024999999999999998
0.11818181818181818
0.5431818181818182
0.2545454545454545
0.038636363636363635
0.02045454545454545
0.04639175257731959
0.1443298969072165
0.5412371134020619
0.211340206185567
0.030927835051546396
0.025773195876288662
0.125
0.09999999999999999
0.47500000000000003
0.15
0.049999999999999996
0.09999999999999999
0.11538461538461539
0.07692307692307691
0.2692307692307693
0.2692307692307693
0.15384615384615383
0.11538461538461539
