0.20930232558139536
0.11627906976744186
0.372093023255814
0.11627906976744186
0.0930232558139535
0.0930232558139535
0.03623188405797102
0.23913043478260876
0.36956521739130443
0.22463768115942034
0.08695652173913046
0.04347826086956523
0.03045685279187817
0.14720812182741114
0.5050761421319796
0.2461928934010152
0.04568527918781725
0.025380710659898473
0.07253886010362695
0.15025906735751293
0.48186528497409326
0.22279792746113988
0.06217616580310881
0.010362694300518135
0.018867924528301886
0.1509433962264151
0.4716981132075471
0.2452830188679245
0.07547169811320754
0.03773584905660377
0.058823529411764705
0.14705882352941174
0.2941176470588235
0.11764705882352941
0.08823529411764705
0.2941176470588235
