0.21818181818181817
0.10909090909090909
0.4181818181818182
0.14545454545454545
0.03636363636363636
0.07272727272727272
0.11538461538461536
0.1442307692307692
0.4134615384615383
0.24038461538461536
0.048076923076923066
0.03846153846153845
0.05347593582887701
0.14705882352941177
0.5267379679144385
0.22459893048128343
0.02406417112299465
0.02406417112299465
0.0569620253164557
0.12658227848101267
0.5632911392405064
0.189873417721519
0.0189873417721519
0.04430379746835444
0.047619047619047616
0.14285714285714285
0.42857142857142855
0.19047619047619047
0.047619047619047616
0.14285714285714285
0.023809523809523808
0.11904761904761905
0.30952380952380953
0.16666666666666666
0.023809523809523808
0.35714285714285715
