0.18604651162790697
0.20930232558139533
0.37209302325581395
0.09302325581395349
0.09302325581395349
0.046511627906976744
0.07446808510638298
0.1276595744680851
0.4680851063829787
0.276595744680851
0.05319148936170212
0.0
0.022421524663677132
0.10313901345291479
0.5448430493273542
0.2802690582959641
0.033632286995515695
0.01569506726457399
0.0547945205479452
0.11415525114155252
0.5251141552511416
0.2602739726027397
0.0319634703196347
0.0136986301369863
0.16666666666666669
0.02777777777777778
0.5833333333333334
0.08333333333333334
0.08333333333333334
0.05555555555555556
0.0
0.0625
0.4375
0.25
0.125
0.125
