0.125
0.2916666666666667
0.25
0.20833333333333331
0.041666666666666664
0.08333333333333333
0.04511278195488721
0.13533834586466162
0.5187969924812029
0.21052631578947364
0.06766917293233081
0.022556390977443604
0.018867924528301886
0.13626834381551362
0.6142557651991615
0.19916142557651992
0.020964360587002094
0.010482180293501047
0.02906976744186046
0.18604651162790697
0.5406976744186046
0.19767441860465115
0.02906976744186046
0.01744186046511628
0.0
0.1724137931034483
0.37931034482758624
0.2758620689655173
0.06896551724137932
0.10344827586206898
0.05
0.3
0.25
0.1
0.1
0.2
