0.30952380952380953
0.04761904761904762
0.380952380952381
0.11904761904761907
0.07142857142857144
0.07142857142857144
0.04123711340206185
0.17525773195876287
0.536082474226804
0.1649484536082474
0.05154639175257732
0.03092783505154639
0.021413276231263382
0.09850107066381154
0.5995717344753746
0.22055674518201282
0.03854389721627408
0.021413276231263382
0.05084745762711864
0.12994350282485875
0.519774011299435
0.24858757062146894
0.028248587570621472
0.022598870056497175
0.05405405405405405
0.16216216216216217
0.4594594594594595
0.1891891891891892
0.08108108108108109
0.05405405405405405
0.11764705882352941
0.08823529411764705
0.29411764705882354
0.058823529411764705
0.08823529411764705
0.3529411764705882
