0.21052631578947373
0.13157894736842107
0.2894736842105264
0.21052631578947373
0.07894736842105264
0.07894736842105264
0.05434782608695653
0.16304347826086957
0.5
0.23913043478260873
0.03260869565217392
0.010869565217391306
0.021367521367521364
0.08974358974358974
0.5641025641025641
0.2692307692307692
0.03632478632478633
0.01923076923076923
0.05687203791469194
0.13270142180094788
0.5829383886255924
0.2085308056872038
0.018957345971563982
0.0
0.10344827586206895
0.034482758620689655
0.5517241379310345
0.24137931034482757
0.034482758620689655
0.034482758620689655
0.0
0.058823529411764705
0.47058823529411764
0.23529411764705882
0.058823529411764705
0.1764705882352941
