0.2285714285714286
0.20000000000000004
0.3428571428571429
0.1142857142857143
0.014285714285714287
0.10000000000000002
0.12389380530973453
0.12389380530973453
0.37168141592920356
0.24778761061946905
0.07079646017699115
0.06194690265486726
0.03598971722365039
0.11053984575835477
0.5989717223650386
0.18251928020565555
0.04113110539845759
0.03084832904884319
0.10215053763440861
0.16666666666666666
0.3602150537634409
0.3010752688172043
0.043010752688172046
0.026881720430107524
0.08695652173913045
0.13043478260869568
0.28260869565217395
0.28260869565217395
0.13043478260869568
0.08695652173913045
0.05882352941176471
0.09803921568627451
0.19607843137254902
0.19607843137254902
0.13725490196078433
0.3137254901960784
