0.22413793103448276
0.3275862068965517
0.2413793103448276
0.034482758620689655
0.17241379310344826
0.0
0.07346938775510205
0.2979591836734694
0.4653061224489797
0.12653061224489795
0.036734693877551024
0.0
0.03729603729603729
0.296037296037296
0.571095571095571
0.07226107226107224
0.020979020979020976
0.0023310023310023306
0.08974358974358976
0.23076923076923075
0.5641025641025641
0.11538461538461538
0.0
0.0
0.10526315789473684
0.1842105263157895
0.2894736842105263
0.13157894736842105
0.2631578947368421
0.02631578947368421
0.0
0.5
0.5
0.0
0.0
0.0
