0.39130434782608686
0.17391304347826086
0.21739130434782605
0.08695652173913043
0.043478260869565216
0.08695652173913043
0.02531645569620253
0.12658227848101264
0.5822784810126581
0.16455696202531644
0.06329113924050632
0.03797468354430379
0.006319115323854661
0.05845181674565562
0.712480252764613
0.1864139020537125
0.028436018957345974
0.007898894154818327
0.017647058823529415
0.11764705882352942
0.6764705882352942
0.14705882352941177
0.029411764705882356
0.011764705882352943
0.1515151515151515
0.1818181818181818
0.3636363636363636
0.21212121212121207
0.0909090909090909
0.0
0.0
0.11764705882352941
0.23529411764705882
0.29411764705882354
0.058823529411764705
0.29411764705882354
