0.16129032258064518
0.12903225806451613
0.32258064516129037
0.16129032258064518
0.03225806451612903
0.19354838709677422
0.027522935779816512
0.2201834862385321
0.4678899082568807
0.2201834862385321
0.04587155963302752
0.018348623853211007
0.01943844492440605
0.11447084233261341
0.5788336933045357
0.2440604751619871
0.02375809935205184
0.01943844492440605
0.04615384615384616
0.11282051282051285
0.553846153846154
0.24615384615384622
0.025641025641025647
0.015384615384615389
0.11111111111111112
0.07407407407407407
0.5925925925925926
0.11111111111111112
0.037037037037037035
0.07407407407407407
0.06451612903225806
0.12903225806451613
0.32258064516129037
0.06451612903225806
0.12903225806451613
0.2903225806451613
