0.2307692307692308
0.2461538461538462
0.27692307692307694
0.1230769230769231
0.015384615384615387
0.10769230769230771
0.030769230769230774
0.16153846153846155
0.48461538461538467
0.21538461538461542
0.06153846153846155
0.046153846153846156
0.061696658097686374
0.15167095115681234
0.493573264781491
0.2339331619537275
0.04113110539845758
0.017994858611825194
0.0923076923076923
0.1282051282051282
0.4512820512820513
0.2615384615384615
0.035897435897435895
0.030769230769230767
0.028571428571428574
0.1142857142857143
0.48571428571428577
0.31428571428571433
0.05714285714285715
0.0
0.07894736842105263
0.13157894736842105
0.2894736842105263
0.15789473684210525
0.02631578947368421
0.3157894736842105
