0.2195121951219512
0.12195121951219509
0.4390243902439024
0.1463414634146341
0.02439024390243902
0.04878048780487804
0.0396039603960396
0.0693069306930693
0.5544554455445544
0.2475247524752475
0.0495049504950495
0.0396039603960396
0.024574669187145563
0.10775047258979209
0.559546313799622
0.27410207939508513
0.024574669187145563
0.009451795841209832
0.053497942386831275
0.11522633744855967
0.5802469135802469
0.22633744855967075
0.008230452674897118
0.016460905349794237
0.08695652173913042
0.13043478260869565
0.47826086956521735
0.17391304347826084
0.08695652173913042
0.04347826086956521
0.0
0.05263157894736842
0.368421052631579
0.42105263157894735
0.0
0.15789473684210525
