0.23684210526315788
0.1842105263157895
0.26315789473684215
0.15789473684210528
0.10526315789473685
0.052631578947368425
0.08333333333333334
0.17708333333333337
0.43750000000000006
0.2291666666666667
0.05208333333333334
0.020833333333333336
0.02030456852791878
0.10406091370558375
0.682741116751269
0.149746192893401
0.02284263959390863
0.02030456852791878
0.047619047619047616
0.1984126984126984
0.48412698412698413
0.19047619047619047
0.031746031746031744
0.047619047619047616
0.17857142857142855
0.10714285714285712
0.14285714285714282
0.3928571428571428
0.07142857142857141
0.10714285714285712
0.07407407407407408
0.11111111111111113
0.29629629629629634
0.14814814814814817
0.14814814814814817
0.22222222222222227
