0.2765957446808511
0.14893617021276595
0.2978723404255319
0.14893617021276595
0.02127659574468085
0.10638297872340426
0.0810810810810811
0.1801801801801802
0.45945945945945954
0.22522522522522526
0.03603603603603604
0.01801801801801802
0.029649595687331533
0.12129380053908353
0.5148247978436657
0.26954177897574116
0.03504043126684636
0.029649595687331533
0.061797752808988776
0.17977528089887643
0.5168539325842697
0.20786516853932588
0.011235955056179777
0.022471910112359553
0.0
0.23809523809523808
0.4285714285714286
0.2857142857142857
0.0
0.047619047619047616
0.09375
0.0625
0.43749999999999994
0.09375
0.03125
0.28125
