0.23255813953488372
0.11627906976744186
0.3488372093023256
0.13953488372093023
0.11627906976744186
0.046511627906976744
0.043165467625899276
0.14388489208633093
0.4460431654676259
0.2949640287769784
0.03597122302158273
0.03597122302158273
0.020080321285140562
0.13855421686746988
0.5783132530120483
0.21084337349397592
0.03815261044176707
0.014056224899598395
0.058252427184466014
0.17475728155339806
0.5097087378640777
0.19902912621359223
0.02427184466019417
0.03398058252427184
0.10526315789473684
0.15789473684210525
0.44736842105263164
0.1842105263157895
0.0
0.10526315789473684
0.03125
0.09375000000000001
0.34375000000000006
0.18750000000000003
0.125
0.21875000000000003
