0.18181818181818182
0.30303030303030304
0.3333333333333333
0.0606060606060606
0.0
0.1212121212121212
0.05555555555555556
0.11111111111111112
0.6018518518518519
0.14814814814814814
0.046296296296296294
0.037037037037037035
0.011583011583011584
0.11003861003861004
0.5830115830115831
0.25675675675675674
0.027027027027027025
0.011583011583011584
0.04716981132075471
0.10377358490566037
0.5566037735849056
0.24999999999999994
0.018867924528301883
0.023584905660377357
0.11111111111111112
0.11111111111111112
0.37037037037037035
0.22222222222222224
0.11111111111111112
0.07407407407407407
0.0606060606060606
0.1212121212121212
0.36363636363636365
0.0606060606060606
0.0303030303030303
0.36363636363636365
