0.22448979591836737
0.16326530612244897
0.38775510204081637
0.10204081632653061
0.04081632653061224
0.08163265306122448
0.04697986577181208
0.2348993288590604
0.40939597315436244
0.19463087248322147
0.06711409395973154
0.04697986577181208
0.028697571743929357
0.130242825607064
0.5386313465783663
0.22958057395143486
0.04194260485651213
0.03090507726269315
0.0552995391705069
0.1658986175115207
0.4654377880184331
0.2718894009216589
0.00921658986175115
0.032258064516129024
0.05
0.125
0.32500000000000007
0.32500000000000007
0.05
0.125
0.08333333333333333
0.125
0.3125
0.14583333333333334
0.10416666666666667
0.22916666666666669
