0.36363636363636365
0.10909090909090909
0.34545454545454546
0.10909090909090909
0.03636363636363636
0.03636363636363636
0.05825242718446602
0.1262135922330097
0.5339805825242718
0.1941747572815534
0.02912621359223301
0.05825242718446602
0.025000000000000005
0.07692307692307693
0.6192307692307693
0.20961538461538462
0.04807692307692308
0.02115384615384616
0.048780487804878044
0.17560975609756097
0.46829268292682924
0.24878048780487805
0.048780487804878044
0.009756097560975608
0.06666666666666668
0.11111111111111112
0.5333333333333334
0.2444444444444445
0.04444444444444445
0.0
0.13636363636363638
0.13636363636363638
0.18181818181818182
0.36363636363636365
0.13636363636363638
0.045454545454545456
