0.27999999999999997
0.16
0.32
0.12000000000000001
0.060000000000000005
0.060000000000000005
0.08411214953271028
0.16822429906542055
0.3925233644859813
0.2803738317757009
0.04672897196261682
0.028037383177570093
0.029680365296803658
0.09360730593607307
0.5821917808219179
0.23515981735159822
0.04566210045662101
0.013698630136986304
0.04787234042553192
0.14893617021276598
0.5265957446808511
0.18085106382978727
0.058510638297872355
0.037234042553191495
0.04761904761904762
0.2142857142857143
0.40476190476190477
0.2619047619047619
0.04761904761904762
0.02380952380952381
0.09677419354838711
0.09677419354838711
0.32258064516129037
0.09677419354838711
0.03225806451612903
0.3548387096774194
