0.16666666666666663
0.26190476190476186
0.2857142857142857
0.14285714285714285
0.023809523809523808
0.11904761904761904
0.07086614173228348
0.12598425196850396
0.47244094488188976
0.24409448818897642
0.04724409448818898
0.03937007874015749
0.024742268041237112
0.12577319587628866
0.5505154639175258
0.24329896907216497
0.03711340206185567
0.018556701030927835
0.05
0.15
0.509090909090909
0.23181818181818178
0.04090909090909091
0.018181818181818184
0.02777777777777778
0.1388888888888889
0.5555555555555556
0.25
0.02777777777777778
0.0
0.06060606060606061
0.030303030303030304
0.4242424242424242
0.15151515151515152
0.030303030303030304
0.30303030303030304
