0.2
0.25
0.25
0.15000000000000002
0.125
0.025
0.044247787610619475
0.13274336283185842
0.5398230088495576
0.1946902654867257
0.06194690265486726
0.026548672566371685
0.022172949002217297
0.13082039911308205
0.5365853658536586
0.2616407982261641
0.03104212860310421
0.017738359201773836
0.0680628272251309
0.13089005235602097
0.5392670157068064
0.2041884816753927
0.03141361256544503
0.026178010471204192
0.02857142857142857
0.05714285714285714
0.7714285714285714
0.08571428571428572
0.0
0.05714285714285714
0.11538461538461539
0.07692307692307693
0.3076923076923077
0.11538461538461539
0.11538461538461539
0.2692307692307692
