0.2857142857142857
0.17857142857142855
0.33928571428571425
0.08928571428571427
0.08928571428571427
0.017857142857142856
0.10416666666666666
0.20833333333333331
0.39583333333333337
0.17708333333333331
0.07291666666666666
0.04166666666666667
0.039702233250620354
0.10918114143920597
0.6004962779156329
0.1861042183622829
0.029776674937965264
0.034739454094292806
0.05263157894736843
0.09210526315789475
0.5263157894736843
0.26315789473684215
0.026315789473684216
0.03947368421052632
0.0967741935483871
0.22580645161290322
0.3870967741935484
0.06451612903225806
0.06451612903225806
0.16129032258064516
0.08333333333333333
0.02777777777777778
0.3611111111111111
0.3333333333333333
0.02777777777777778
0.16666666666666666
