0.2692307692307692
0.1730769230769231
0.25000000000000006
0.19230769230769232
0.09615384615384616
0.019230769230769232
0.05405405405405405
0.18918918918918917
0.4324324324324324
0.2252252252252252
0.09009009009009007
0.009009009009009007
0.04010025062656642
0.12781954887218047
0.62406015037594
0.1553884711779449
0.04010025062656642
0.012531328320802006
0.1021897810218978
0.1605839416058394
0.4671532846715328
0.2116788321167883
0.0364963503649635
0.0218978102189781
0.044444444444444446
0.13333333333333333
0.4666666666666667
0.2
0.06666666666666667
0.08888888888888889
0.0
0.12499999999999997
0.31249999999999994
0.062499999999999986
0.37499999999999994
0.12499999999999997
