 0.1709401709401709
 0.1709401709401709
 0.1709401709401709
 0.3418803418803419
 0.1709401709401709
 0.08547008547008547
 0.08547008547008547
 0.1709401709401709
 0.08547008547008547
 0.1709401709401709
 0.1709401709401709
 0.1709401709401709
 0.08547008547008547
 0.08547008547008547
 0.2564102564102564
 0.1709401709401709
 0.08547008547008547
 0.1709401709401709
 0.08547008547008547
 0.1709401709401709
 0.5982905982905984
 0.4273504273504274
 0.08547008547008547
 0.08547008547008547
 0.08547008547008547
 0.08547008547008547
 0.08547008547008547
 0.08547008547008547
 0.08547008547008547
 0.1709401709401709
 0.08547008547008547
 0.08547008547008547
 0.08547008547008547
 0.08547008547008547
 0.1709401709401709
 0.08547008547008547
 0.1709401709401709
 0.08547008547008547
 0.08547008547008547
 0.1709401709401709
 0.08547008547008547
 0.08547008547008547
 0.08547008547008547
 0.3418803418803419
 0.9401709401709402
 0.5128205128205128
 0.1709401709401709
 0.1709401709401709
 0.2564102564102564
 0.2564102564102564
 3.333333333333333
 0.6837606837606838
 0.2564102564102564
 0.08547008547008547
 0.2564102564102564
 0.2564102564102564
 1.452991452991453
 0.5128205128205128
 0.2564102564102564
 0.1709401709401709
 0.1709401709401709
 0.08547008547008547
 0.5982905982905984
 0.08547008547008547
 0.08547008547008547
 0.08547008547008547
 0.08547008547008547
 0.1709401709401709
 0.08547008547008547
 0.2564102564102564
 0.08547008547008547
 0.08547008547008547
 0.08547008547008547
 0.3418803418803419
 0.2564102564102564
 0.3418803418803419
 0.08547008547008547
 0.1709401709401709
 0.2564102564102564
 0.5982905982905984
 1.88034188034188
 1.282051282051282
 0.3418803418803419
 0.08547008547008547
 0.5128205128205128
 2.307692307692308
 18.8034188034188
 6.923076923076923
 0.8547008547008548
 0.2564102564102564
 0.1709401709401709
 1.70940170940171
 5.726495726495727
 2.564102564102564
 0.3418803418803419
 0.2564102564102564
 0.08547008547008547
 0.3418803418803419
 0.8547008547008548
 0.2564102564102564
 0.08547008547008547
 0.1709401709401709
 0.08547008547008547
 0.3418803418803419
 0.1709401709401709
 0.3418803418803419
 0.1709401709401709
 0.08547008547008547
 0.4273504273504274
 0.08547008547008547
 0.08547008547008547
 0.1709401709401709
 0.08547008547008547
 0.08547008547008547
 0.08547008547008547
 0.6837606837606838
 1.538461538461539
 0.6837606837606838
 0.1709401709401709
 0.1709401709401709
 0.1709401709401709
 1.452991452991453
 6.153846153846154
 2.393162393162394
 0.2564102564102564
 0.4273504273504274
 0.1709401709401709
 0.8547008547008548
 2.307692307692308
 0.5982905982905984
 0.2564102564102564
 0.1709401709401709
 0.1709401709401709
 0.08547008547008547
 0.3418803418803419
 0.3418803418803419
 0.08547008547008547
 0.1709401709401709
 0.08547008547008547
 0.08547008547008547
 0.3418803418803419
 0.08547008547008547
 0.1709401709401709
 0.1709401709401709
 0.08547008547008547
 0.08547008547008547
 0.1709401709401709
 0.3418803418803419
 0.08547008547008547
 0.08547008547008547
 0.08547008547008547
 0.08547008547008547
 0.2564102564102564
 0.08547008547008547
 0.1709401709401709
 0.08547008547008547
 0.1709401709401709
 0.2564102564102564
 1.111111111111111
 0.3418803418803419
 0.1709401709401709
 0.08547008547008547
 0.08547008547008547
 0.2564102564102564
 0.3418803418803419
 0.08547008547008547
 0.08547008547008547
 0.08547008547008547
 0.08547008547008547
 0.08547008547008547
 0.08547008547008547
 0.08547008547008547
 0.08547008547008547
 0.08547008547008547
 0.08547008547008547
 0.08547008547008547
 0.08547008547008547
 0.1709401709401709
 0.1709401709401709
 0.2564102564102564
 0.1709401709401709
 0.08547008547008547
 0.08547008547008547
 0.08547008547008547
 0.08547008547008547
 0.08547008547008547
 0.08547008547008547
 0.3418803418803419
 0.1709401709401709
 0.1709401709401709
 0.08547008547008547
 0.08547008547008547
 0.08547008547008547
 0.08547008547008547
 0.08547008547008547
 0.2564102564102564
 0.1709401709401709
 0.1709401709401709
 0.1709401709401709
 0.08547008547008547
 0.3418803418803419
 0.1709401709401709
 0.1709401709401709
 0.1709401709401709
 0.2564102564102564
 0.08547008547008547
 0.1709401709401709
 0.08547008547008547
 0.08547008547008547
 0.1709401709401709
 0.1709401709401709
 0.1709401709401709
 0.08547008547008547
 0.1709401709401709
 0.08547008547008547
 0.08547008547008547


