 0.1870907390084191
 0.09354536950420954
 0.3741814780168382
 0.4677268475210477
 0.09354536950420954
 0.1870907390084191
 0.1870907390084191
 0.1870907390084191
 0.09354536950420954
 0.2806361085126286
 0.09354536950420954
 0.2806361085126286
 0.1870907390084191
 0.4677268475210477
 0.841908325537886
 0.2806361085126286
 0.09354536950420954
 0.09354536950420954
 0.1870907390084191
 0.1870907390084191
 0.3741814780168382
 0.1870907390084191
 0.2806361085126286
 0.3741814780168382
 0.09354536950420954
 0.09354536950420954
 0.1870907390084191
 0.1870907390084191
 0.09354536950420954
 0.1870907390084191
 0.09354536950420954
 0.09354536950420954
 0.1870907390084191
 0.09354536950420954
 0.09354536950420954
 0.1870907390084191
 0.3741814780168382
 0.09354536950420954
 0.3741814780168382
 0.4677268475210477
 0.09354536950420954
 0.09354536950420954
 0.2806361085126286
 0.4677268475210477
 0.7483629560336763
 0.5612722170252572
 0.09354536950420954
 0.09354536950420954
 0.2806361085126286
 0.6548175865294669
 1.683816651075772
 1.590271281571562
 0.2806361085126286
 0.09354536950420954
 0.1870907390084191
 0.2806361085126286
 1.216089803554724
 0.9354536950420954
 0.09354536950420954
 0.2806361085126286
 0.09354536950420954
 0.09354536950420954
 0.1870907390084191
 0.1870907390084191
 0.09354536950420954
 0.09354536950420954
 0.09354536950420954
 0.1870907390084191
 0.4677268475210477
 0.1870907390084191
 0.1870907390084191
 0.1870907390084191
 0.4677268475210477
 0.3741814780168382
 0.4677268475210477
 0.2806361085126286
 0.1870907390084191
 0.09354536950420954
 0.5612722170252572
 0.841908325537886
 2.05799812909261
 1.683816651075772
 0.2806361085126286
 0.5612722170252572
 0.6548175865294669
 2.619270346117867
 12.44153414405987
 5.519176800748363
 0.4677268475210477
 0.3741814780168382
 0.3741814780168382
 1.216089803554724
 5.425631431244153
 2.806361085126286
 0.3741814780168382
 0.1870907390084191
 0.1870907390084191
 0.1870907390084191
 0.7483629560336763
 0.2806361085126286
 0.2806361085126286
 0.09354536950420954
 0.09354536950420954
 0.09354536950420954
 0.2806361085126286
 0.3741814780168382
 0.09354536950420954
 0.1870907390084191
 0.09354536950420954
 0.2806361085126286
 0.2806361085126286
 0.1870907390084191
 0.1870907390084191
 0.09354536950420954
 0.1870907390084191
 0.4677268475210477
 1.122544434050514
 0.2806361085126286
 0.09354536950420954
 0.1870907390084191
 0.4677268475210477
 1.683816651075772
 5.799812909260991
 2.15154349859682
 0.6548175865294669
 0.1870907390084191
 0.09354536950420954
 0.3741814780168382
 3.367633302151544
 1.403180542563143
 0.3741814780168382
 0.1870907390084191
 0.09354536950420954
 0.1870907390084191
 0.5612722170252572
 0.2806361085126286
 0.09354536950420954
 0.09354536950420954
 0.1870907390084191
 0.1870907390084191
 0.4677268475210477
 0.1870907390084191
 0.09354536950420954
 0.1870907390084191
 0.09354536950420954
 0.1870907390084191
 0.2806361085126286
 0.09354536950420954
 0.09354536950420954
 0.09354536950420954
 0.09354536950420954
 0.09354536950420954
 0.2806361085126286
 0.09354536950420954
 0.09354536950420954
 0.09354536950420954
 0.09354536950420954
 0.2806361085126286
 0.7483629560336763
 0.6548175865294669
 0.09354536950420954
 0.09354536950420954
 0.09354536950420954
 0.1870907390084191
 0.3741814780168382
 0.2806361085126286
 0.09354536950420954
 0.09354536950420954
 0.09354536950420954
 0.09354536950420954
 0.1870907390084191
 0.09354536950420954
 0.09354536950420954
 0.1870907390084191
 0.09354536950420954
 0.09354536950420954
 0.09354536950420954
 0.09354536950420954
 0.09354536950420954
 0.2806361085126286
 0.1870907390084191
 0.09354536950420954
 0.1870907390084191
 0.09354536950420954
 0.1870907390084191
 0.1870907390084191
 0.1870907390084191
 0.1870907390084191
 0.1870907390084191
 0.09354536950420954
 0.09354536950420954
 0.09354536950420954
 0.1870907390084191
 0.2806361085126286
 0.5612722170252572
 0.1870907390084191
 0.1870907390084191
 0.2806361085126286
 0.1870907390084191
 0.09354536950420954
 0.2806361085126286
 0.1870907390084191
 0.09354536950420954
 0.1870907390084191
 0.2806361085126286
 0.09354536950420954
 0.09354536950420954
 0.09354536950420954
 0.09354536950420954
 0.09354536950420954
 0.3741814780168382
 0.1870907390084191
 0.1870907390084191
 0.09354536950420954
 0.1870907390084191
 0.4677268475210477


