 0.3762935089369708
 0.2822201317027281
 0.2822201317027281
 0.1881467544684854
 0.09407337723424271
 0.09407337723424271
 0.09407337723424271
 0.09407337723424271
 0.1881467544684854
 0.2822201317027281
 0.09407337723424271
 0.1881467544684854
 0.1881467544684854
 0.1881467544684854
 0.2822201317027281
 0.09407337723424271
 0.1881467544684854
 0.1881467544684854
 0.09407337723424271
 0.1881467544684854
 0.7525870178739417
 0.1881467544684854
 0.09407337723424271
 0.09407337723424271
 0.09407337723424271
 0.1881467544684854
 0.09407337723424271
 0.1881467544684854
 0.09407337723424271
 0.09407337723424271
 0.09407337723424271
 0.09407337723424271
 0.09407337723424271
 0.09407337723424271
 0.09407337723424271
 0.09407337723424271
 0.09407337723424271
 0.09407337723424271
 0.3762935089369708
 0.5644402634054563
 0.09407337723424271
 0.09407337723424271
 0.1881467544684854
 0.1881467544684854
 0.5644402634054563
 0.3762935089369708
 0.09407337723424271
 0.09407337723424271
 0.1881467544684854
 0.3762935089369708
 2.539981185324553
 1.222953904045155
 0.3762935089369708
 0.09407337723424271
 0.09407337723424271
 0.09407337723424271
 1.128880526810913
 0.5644402634054563
 0.09407337723424271
 0.1881467544684854
 0.09407337723424271
 0.1881467544684854
 0.09407337723424271
 0.09407337723424271
 0.09407337723424271
 0.1881467544684854
 0.09407337723424271
 0.09407337723424271
 0.09407337723424271
 0.1881467544684854
 0.09407337723424271
 0.09407337723424271
 0.2822201317027281
 0.2822201317027281
 0.1881467544684854
 0.2822201317027281
 0.1881467544684854
 0.09407337723424271
 0.4703668861712135
 0.658513640639699
 2.445907808090311
 0.9407337723424271
 0.1881467544684854
 0.09407337723424271
 0.4703668861712135
 2.163687676387582
 15.80432737535278
 6.867356538099719
 0.4703668861712135
 0.3762935089369708
 0.2822201317027281
 1.222953904045155
 7.99623706491063
 2.728127939793039
 0.3762935089369708
 0.2822201317027281
 0.09407337723424271
 0.2822201317027281
 0.5644402634054563
 0.5644402634054563
 0.09407337723424271
 0.09407337723424271
 0.09407337723424271
 0.09407337723424271
 0.658513640639699
 0.2822201317027281
 0.09407337723424271
 0.09407337723424271
 0.2822201317027281
 0.09407337723424271
 0.09407337723424271
 0.1881467544684854
 0.09407337723424271
 0.09407337723424271
 0.1881467544684854
 0.3762935089369708
 1.03480714957667
 0.3762935089369708
 0.1881467544684854
 0.09407337723424271
 0.2822201317027281
 1.787394167450612
 6.867356538099719
 3.762935089369708
 0.4703668861712135
 0.3762935089369708
 0.09407337723424271
 0.4703668861712135
 3.010348071495767
 1.693320790216369
 0.09407337723424271
 0.1881467544684854
 0.09407337723424271
 0.09407337723424271
 0.2822201317027281
 0.09407337723424271
 0.1881467544684854
 0.09407337723424271
 0.09407337723424271
 0.1881467544684854
 0.1881467544684854
 0.09407337723424271
 0.1881467544684854
 0.2822201317027281
 0.09407337723424271
 0.09407337723424271
 0.09407337723424271
 0.09407337723424271
 0.1881467544684854
 0.09407337723424271
 0.2822201317027281
 0.09407337723424271
 0.2822201317027281
 0.09407337723424271
 0.09407337723424271
 0.09407337723424271
 0.09407337723424271
 0.09407337723424271
 0.4703668861712135
 0.4703668861712135
 0.09407337723424271
 0.09407337723424271
 0.09407337723424271
 0.09407337723424271
 0.4703668861712135
 0.2822201317027281
 0.09407337723424271
 0.09407337723424271
 0.09407337723424271
 0.09407337723424271
 0.1881467544684854
 0.09407337723424271
 0.09407337723424271
 0.09407337723424271
 0.1881467544684854
 0.09407337723424271
 0.09407337723424271
 0.09407337723424271
 0.09407337723424271
 0.09407337723424271
 0.1881467544684854
 0.09407337723424271
 0.09407337723424271
 0.09407337723424271
 0.09407337723424271
 0.09407337723424271
 0.09407337723424271
 0.09407337723424271
 0.2822201317027281
 0.09407337723424271
 0.09407337723424271
 0.09407337723424271
 0.09407337723424271
 0.1881467544684854
 0.2822201317027281
 0.3762935089369708
 0.09407337723424271
 0.1881467544684854
 0.1881467544684854
 0.1881467544684854
 0.1881467544684854
 0.09407337723424271
 0.09407337723424271
 0.1881467544684854
 0.1881467544684854
 0.09407337723424271
 0.09407337723424271
 0.09407337723424271
 0.09407337723424271
 0.09407337723424271
 0.09407337723424271
 0.1881467544684854
 0.09407337723424271
 0.1881467544684854
 0.09407337723424271
 0.1881467544684854


