 0.09551098376313276
 0.09551098376313276
 0.09551098376313276
 0.09551098376313276
 0.09551098376313276
 0.09551098376313276
 0.1910219675262655
 0.09551098376313276
 0.4775549188156638
 0.2865329512893983
 0.09551098376313276
 0.09551098376313276
 0.09551098376313276
 0.09551098376313276
 0.1910219675262655
 0.2865329512893983
 0.2865329512893983
 0.09551098376313276
 0.1910219675262655
 0.1910219675262655
 0.2865329512893983
 0.1910219675262655
 0.1910219675262655
 0.09551098376313276
 0.09551098376313276
 0.09551098376313276
 0.09551098376313276
 0.09551098376313276
 0.09551098376313276
 0.09551098376313276
 0.09551098376313276
 0.09551098376313276
 0.09551098376313276
 0.09551098376313276
 0.09551098376313276
 0.09551098376313276
 0.09551098376313276
 0.382043935052531
 0.2865329512893983
 0.382043935052531
 0.09551098376313276
 0.09551098376313276
 0.09551098376313276
 0.1910219675262655
 0.4775549188156638
 0.1910219675262655
 0.09551098376313276
 0.09551098376313276
 0.1910219675262655
 0.382043935052531
 2.292263610315186
 1.528175740210124
 0.1910219675262655
 0.09551098376313276
 0.09551098376313276
 0.2865329512893983
 0.6685768863419294
 0.5730659025787965
 0.09551098376313276
 0.1910219675262655
 0.09551098376313276
 0.09551098376313276
 0.1910219675262655
 0.1910219675262655
 0.09551098376313276
 0.09551098376313276
 0.09551098376313276
 0.09551098376313276
 0.09551098376313276
 0.1910219675262655
 0.09551098376313276
 0.09551098376313276
 0.09551098376313276
 0.382043935052531
 0.2865329512893983
 0.382043935052531
 0.09551098376313276
 0.09551098376313276
 0.382043935052531
 0.382043935052531
 2.483285577841452
 0.8595988538681949
 0.2865329512893983
 0.1910219675262655
 0.7640878701050621
 2.005730659025788
 26.64756446991404
 5.730659025787966
 0.2865329512893983
 0.4775549188156638
 0.1910219675262655
 0.9551098376313276
 6.685768863419293
 1.528175740210124
 0.6685768863419294
 0.382043935052531
 0.09551098376313276
 0.1910219675262655
 0.4775549188156638
 0.2865329512893983
 0.1910219675262655
 0.09551098376313276
 0.09551098376313276
 0.09551098376313276
 0.4775549188156638
 0.1910219675262655
 0.09551098376313276
 0.2865329512893983
 0.09551098376313276
 0.1910219675262655
 0.1910219675262655
 0.09551098376313276
 0.09551098376313276
 0.09551098376313276
 0.2865329512893983
 0.1910219675262655
 0.9551098376313276
 0.382043935052531
 0.09551098376313276
 0.09551098376313276
 0.09551098376313276
 1.241642788920726
 5.730659025787966
 2.483285577841452
 0.2865329512893983
 0.2865329512893983
 0.09551098376313276
 0.2865329512893983
 1.71919770773639
 0.9551098376313276
 0.2865329512893983
 0.09551098376313276
 0.09551098376313276
 0.1910219675262655
 0.8595988538681949
 0.09551098376313276
 0.09551098376313276
 0.09551098376313276
 0.09551098376313276
 0.1910219675262655
 0.2865329512893983
 0.1910219675262655
 0.09551098376313276
 0.1910219675262655
 0.09551098376313276
 0.09551098376313276
 0.09551098376313276
 0.09551098376313276
 0.09551098376313276
 0.09551098376313276
 0.09551098376313276
 0.1910219675262655
 0.1910219675262655
 0.09551098376313276
 0.09551098376313276
 0.09551098376313276
 0.09551098376313276
 0.4775549188156638
 0.8595988538681949
 0.1910219675262655
 0.1910219675262655
 0.09551098376313276
 0.09551098376313276
 0.09551098376313276
 0.382043935052531
 0.09551098376313276
 0.09551098376313276
 0.1910219675262655
 0.09551098376313276
 0.09551098376313276
 0.09551098376313276
 0.1910219675262655
 0.09551098376313276
 0.09551098376313276
 0.09551098376313276
 0.09551098376313276
 0.09551098376313276
 0.09551098376313276
 0.09551098376313276
 0.09551098376313276
 0.09551098376313276
 0.09551098376313276
 0.09551098376313276
 0.09551098376313276
 0.09551098376313276
 0.09551098376313276
 0.2865329512893983
 0.09551098376313276
 0.09551098376313276
 0.09551098376313276
 0.09551098376313276
 0.09551098376313276
 0.09551098376313276
 0.382043935052531
 0.2865329512893983
 0.1910219675262655
 0.09551098376313276
 0.1910219675262655
 0.09551098376313276
 0.1910219675262655
 0.2865329512893983
 0.09551098376313276
 0.09551098376313276
 0.09551098376313276
 0.09551098376313276
 0.09551098376313276
 0.1910219675262655
 0.09551098376313276
 0.09551098376313276
 0.09551098376313276
 0.09551098376313276
 0.1910219675262655
 0.1910219675262655
 0.09551098376313276
 0.1910219675262655
 0.382043935052531


