 0.1876172607879925
 0.375234521575985
 0.2814258911819887
 0.2814258911819887
 0.09380863039399624
 0.1876172607879925
 0.09380863039399624
 0.1876172607879925
 0.2814258911819887
 0.1876172607879925
 0.09380863039399624
 0.1876172607879925
 0.1876172607879925
 0.4690431519699813
 0.5628517823639775
 0.8442776735459663
 0.09380863039399624
 0.2814258911819887
 0.1876172607879925
 0.375234521575985
 0.4690431519699813
 0.375234521575985
 0.1876172607879925
 0.09380863039399624
 0.09380863039399624
 0.09380863039399624
 0.1876172607879925
 0.09380863039399624
 0.09380863039399624
 0.09380863039399624
 0.09380863039399624
 0.2814258911819887
 0.09380863039399624
 0.09380863039399624
 0.09380863039399624
 0.09380863039399624
 0.1876172607879925
 0.09380863039399624
 0.7504690431519699
 0.2814258911819887
 0.09380863039399624
 0.1876172607879925
 0.2814258911819887
 0.1876172607879925
 0.9380863039399625
 0.5628517823639775
 0.1876172607879925
 0.09380863039399624
 0.09380863039399624
 0.375234521575985
 2.157598499061914
 1.688555347091933
 0.375234521575985
 0.375234521575985
 0.1876172607879925
 0.1876172607879925
 1.313320825515948
 0.2814258911819887
 0.2814258911819887
 0.1876172607879925
 0.09380863039399624
 0.09380863039399624
 0.1876172607879925
 0.09380863039399624
 0.09380863039399624
 0.09380863039399624
 0.09380863039399624
 0.09380863039399624
 0.2814258911819887
 0.1876172607879925
 0.09380863039399624
 0.1876172607879925
 0.4690431519699813
 0.1876172607879925
 0.5628517823639775
 0.6566604127579738
 0.1876172607879925
 0.09380863039399624
 0.375234521575985
 0.8442776735459663
 2.25140712945591
 1.031894934333959
 0.09380863039399624
 0.1876172607879925
 1.125703564727955
 2.345215759849906
 13.32082551594747
 4.784240150093809
 0.9380863039399625
 0.2814258911819887
 0.1876172607879925
 1.313320825515948
 4.878048780487805
 3.283302063789869
 0.6566604127579738
 0.1876172607879925
 0.09380863039399624
 0.375234521575985
 0.8442776735459663
 0.2814258911819887
 0.1876172607879925
 0.1876172607879925
 0.1876172607879925
 0.1876172607879925
 0.375234521575985
 0.4690431519699813
 0.09380863039399624
 0.2814258911819887
 0.09380863039399624
 0.1876172607879925
 0.375234521575985
 0.1876172607879925
 0.09380863039399624
 0.09380863039399624
 0.4690431519699813
 0.6566604127579738
 1.031894934333959
 0.4690431519699813
 0.09380863039399624
 0.1876172607879925
 0.375234521575985
 1.031894934333959
 5.816135084427768
 2.157598499061914
 0.375234521575985
 0.375234521575985
 0.1876172607879925
 0.6566604127579738
 3.00187617260788
 1.407129455909944
 0.2814258911819887
 0.09380863039399624
 0.1876172607879925
 0.1876172607879925
 0.7504690431519699
 0.375234521575985
 0.09380863039399624
 0.09380863039399624
 0.09380863039399624
 0.09380863039399624
 0.1876172607879925
 0.1876172607879925
 0.1876172607879925
 0.2814258911819887
 0.1876172607879925
 0.09380863039399624
 0.1876172607879925
 0.09380863039399624
 0.09380863039399624
 0.09380863039399624
 0.1876172607879925
 0.2814258911819887
 0.1876172607879925
 0.09380863039399624
 0.09380863039399624
 0.09380863039399624
 0.1876172607879925
 0.4690431519699813
 0.6566604127579738
 0.7504690431519699
 0.09380863039399624
 0.09380863039399624
 0.09380863039399624
 0.2814258911819887
 0.2814258911819887
 0.09380863039399624
 0.09380863039399624
 0.1876172607879925
 0.09380863039399624
 0.09380863039399624
 0.1876172607879925
 0.09380863039399624
 0.09380863039399624
 0.09380863039399624
 0.09380863039399624
 0.09380863039399624
 0.09380863039399624
 0.09380863039399624
 0.09380863039399624
 0.1876172607879925
 0.2814258911819887
 0.09380863039399624
 0.2814258911819887
 0.1876172607879925
 0.09380863039399624
 0.09380863039399624
 0.09380863039399624
 0.09380863039399624
 0.375234521575985
 0.09380863039399624
 0.09380863039399624
 0.1876172607879925
 0.1876172607879925
 0.09380863039399624
 0.375234521575985
 0.2814258911819887
 0.09380863039399624
 0.1876172607879925
 0.1876172607879925
 0.09380863039399624
 0.1876172607879925
 0.1876172607879925
 0.1876172607879925
 0.2814258911819887
 0.1876172607879925
 0.09380863039399624
 0.09380863039399624
 0.09380863039399624
 0.09380863039399624
 0.09380863039399624
 0.4690431519699813
 0.1876172607879925
 0.1876172607879925
 0.09380863039399624
 0.09380863039399624
 0.5628517823639775


