 0.1872659176029963
 0.1872659176029963
 0.2808988764044944
 0.09363295880149813
 0.1872659176029963
 0.09363295880149813
 0.2808988764044944
 0.09363295880149813
 0.2808988764044944
 0.09363295880149813
 0.1872659176029963
 0.09363295880149813
 0.1872659176029963
 0.1872659176029963
 0.2808988764044944
 0.2808988764044944
 0.1872659176029963
 0.09363295880149813
 0.09363295880149813
 0.2808988764044944
 0.5617977528089888
 0.1872659176029963
 0.09363295880149813
 0.09363295880149813
 0.09363295880149813
 0.09363295880149813
 0.1872659176029963
 0.1872659176029963
 0.09363295880149813
 0.09363295880149813
 0.09363295880149813
 0.09363295880149813
 0.09363295880149813
 0.09363295880149813
 0.09363295880149813
 0.09363295880149813
 0.1872659176029963
 0.1872659176029963
 0.09363295880149813
 0.3745318352059925
 0.09363295880149813
 0.09363295880149813
 0.09363295880149813
 0.09363295880149813
 0.4681647940074907
 0.4681647940074907
 0.09363295880149813
 0.09363295880149813
 0.1872659176029963
 0.2808988764044944
 2.153558052434457
 1.217228464419476
 0.2808988764044944
 0.09363295880149813
 0.09363295880149813
 0.4681647940074907
 1.404494382022472
 0.5617977528089888
 0.09363295880149813
 0.2808988764044944
 0.09363295880149813
 0.09363295880149813
 0.09363295880149813
 0.1872659176029963
 0.09363295880149813
 0.1872659176029963
 0.09363295880149813
 0.09363295880149813
 0.09363295880149813
 0.09363295880149813
 0.09363295880149813
 0.09363295880149813
 0.2808988764044944
 0.3745318352059925
 0.4681647940074907
 0.3745318352059925
 0.09363295880149813
 0.09363295880149813
 0.1872659176029963
 0.6554307116104869
 1.779026217228464
 1.49812734082397
 0.09363295880149813
 0.09363295880149813
 0.8426966292134831
 2.059925093632959
 16.01123595505618
 6.273408239700375
 0.3745318352059925
 0.5617977528089888
 0.1872659176029963
 1.029962546816479
 7.584269662921349
 3.558052434456929
 0.3745318352059925
 0.1872659176029963
 0.1872659176029963
 0.4681647940074907
 0.2808988764044944
 0.3745318352059925
 0.1872659176029963
 0.1872659176029963
 0.09363295880149813
 0.09363295880149813
 0.4681647940074907
 0.2808988764044944
 0.1872659176029963
 0.09363295880149813
 0.09363295880149813
 0.09363295880149813
 0.1872659176029963
 0.1872659176029963
 0.09363295880149813
 0.09363295880149813
 0.1872659176029963
 0.1872659176029963
 1.217228464419476
 0.5617977528089888
 0.1872659176029963
 0.09363295880149813
 0.2808988764044944
 1.404494382022472
 7.02247191011236
 4.49438202247191
 0.5617977528089888
 0.1872659176029963
 0.1872659176029963
 0.3745318352059925
 3.932584269662921
 1.49812734082397
 0.1872659176029963
 0.09363295880149813
 0.09363295880149813
 0.09363295880149813
 0.3745318352059925
 0.1872659176029963
 0.09363295880149813
 0.09363295880149813
 0.09363295880149813
 0.1872659176029963
 0.1872659176029963
 0.09363295880149813
 0.1872659176029963
 0.09363295880149813
 0.09363295880149813
 0.09363295880149813
 0.09363295880149813
 0.1872659176029963
 0.1872659176029963
 0.09363295880149813
 0.1872659176029963
 0.1872659176029963
 0.2808988764044944
 0.1872659176029963
 0.09363295880149813
 0.09363295880149813
 0.09363295880149813
 0.1872659176029963
 0.3745318352059925
 0.2808988764044944
 0.1872659176029963
 0.09363295880149813
 0.09363295880149813
 0.09363295880149813
 0.4681647940074907
 0.2808988764044944
 0.09363295880149813
 0.09363295880149813
 0.09363295880149813
 0.09363295880149813
 0.1872659176029963
 0.09363295880149813
 0.09363295880149813
 0.09363295880149813
 0.1872659176029963
 0.09363295880149813
 0.09363295880149813
 0.09363295880149813
 0.09363295880149813
 0.1872659176029963
 0.1872659176029963
 0.09363295880149813
 0.09363295880149813
 0.09363295880149813
 0.09363295880149813
 0.09363295880149813
 0.09363295880149813
 0.09363295880149813
 0.1872659176029963
 0.09363295880149813
 0.09363295880149813
 0.09363295880149813
 0.09363295880149813
 0.1872659176029963
 0.2808988764044944
 0.2808988764044944
 0.09363295880149813
 0.1872659176029963
 0.09363295880149813
 0.1872659176029963
 0.09363295880149813
 0.1872659176029963
 0.09363295880149813
 0.09363295880149813
 0.1872659176029963
 0.1872659176029963
 0.09363295880149813
 0.09363295880149813
 0.09363295880149813
 0.09363295880149813
 0.09363295880149813
 0.09363295880149813
 0.1872659176029963
 0.09363295880149813
 0.09363295880149813
 0.1872659176029963


