 0.1869158878504673
 0.09345794392523366
 0.1869158878504673
 0.09345794392523366
 0.09345794392523366
 0.1869158878504673
 0.09345794392523366
 0.1869158878504673
 0.09345794392523366
 0.1869158878504673
 0.09345794392523366
 0.1869158878504673
 0.1869158878504673
 0.09345794392523366
 0.1869158878504673
 0.09345794392523366
 0.09345794392523366
 0.1869158878504673
 0.09345794392523366
 0.09345794392523366
 0.4672897196261682
 0.1869158878504673
 0.09345794392523366
 0.1869158878504673
 0.09345794392523366
 0.09345794392523366
 0.09345794392523366
 0.09345794392523366
 0.09345794392523366
 0.1869158878504673
 0.1869158878504673
 0.09345794392523366
 0.09345794392523366
 0.09345794392523366
 0.09345794392523366
 0.09345794392523366
 0.09345794392523366
 0.09345794392523366
 0.09345794392523366
 0.1869158878504673
 0.1869158878504673
 0.09345794392523366
 0.09345794392523366
 0.09345794392523366
 0.6542056074766356
 0.1869158878504673
 0.09345794392523366
 0.09345794392523366
 0.2803738317757009
 0.6542056074766356
 2.242990654205607
 1.121495327102804
 0.2803738317757009
 0.09345794392523366
 0.1869158878504673
 0.09345794392523366
 0.6542056074766356
 0.6542056074766356
 0.09345794392523366
 0.1869158878504673
 0.09345794392523366
 0.09345794392523366
 0.1869158878504673
 0.09345794392523366
 0.1869158878504673
 0.09345794392523366
 0.09345794392523366
 0.1869158878504673
 0.2803738317757009
 0.09345794392523366
 0.09345794392523366
 0.1869158878504673
 0.1869158878504673
 0.2803738317757009
 0.1869158878504673
 0.2803738317757009
 0.09345794392523366
 0.09345794392523366
 0.09345794392523366
 0.3738317757009346
 2.242990654205607
 0.8411214953271028
 0.09345794392523366
 0.2803738317757009
 0.09345794392523366
 1.775700934579439
 19.53271028037383
 7.943925233644859
 1.02803738317757
 0.1869158878504673
 0.1869158878504673
 1.121495327102804
 7.383177570093458
 3.177570093457944
 0.2803738317757009
 0.1869158878504673
 0.1869158878504673
 0.4672897196261682
 0.6542056074766356
 0.4672897196261682
 0.09345794392523366
 0.1869158878504673
 0.09345794392523366
 0.09345794392523366
 0.3738317757009346
 0.2803738317757009
 0.09345794392523366
 0.1869158878504673
 0.09345794392523366
 0.09345794392523366
 0.1869158878504673
 0.1869158878504673
 0.09345794392523366
 0.09345794392523366
 0.09345794392523366
 0.2803738317757009
 1.121495327102804
 0.3738317757009346
 0.09345794392523366
 0.1869158878504673
 0.3738317757009346
 1.02803738317757
 7.757009345794392
 2.616822429906542
 0.3738317757009346
 0.4672897196261682
 0.09345794392523366
 0.4672897196261682
 3.551401869158879
 1.02803738317757
 0.09345794392523366
 0.09345794392523366
 0.09345794392523366
 0.1869158878504673
 0.1869158878504673
 0.09345794392523366
 0.09345794392523366
 0.09345794392523366
 0.09345794392523366
 0.09345794392523366
 0.1869158878504673
 0.1869158878504673
 0.1869158878504673
 0.09345794392523366
 0.09345794392523366
 0.09345794392523366
 0.09345794392523366
 0.1869158878504673
 0.09345794392523366
 0.09345794392523366
 0.1869158878504673
 0.1869158878504673
 0.3738317757009346
 0.1869158878504673
 0.09345794392523366
 0.09345794392523366
 0.09345794392523366
 0.1869158878504673
 0.3738317757009346
 0.4672897196261682
 0.09345794392523366
 0.09345794392523366
 0.09345794392523366
 0.1869158878504673
 0.3738317757009346
 0.09345794392523366
 0.09345794392523366
 0.09345794392523366
 0.09345794392523366
 0.09345794392523366
 0.09345794392523366
 0.09345794392523366
 0.09345794392523366
 0.1869158878504673
 0.09345794392523366
 0.09345794392523366
 0.09345794392523366
 0.09345794392523366
 0.1869158878504673
 0.3738317757009346
 0.1869158878504673
 0.1869158878504673
 0.09345794392523366
 0.1869158878504673
 0.09345794392523366
 0.09345794392523366
 0.1869158878504673
 0.09345794392523366
 0.09345794392523366
 0.09345794392523366
 0.2803738317757009
 0.09345794392523366
 0.09345794392523366
 0.1869158878504673
 0.5607476635514018
 0.09345794392523366
 0.1869158878504673
 0.09345794392523366
 0.09345794392523366
 0.1869158878504673
 0.1869158878504673
 0.1869158878504673
 0.09345794392523366
 0.09345794392523366
 0.09345794392523366
 0.1869158878504673
 0.09345794392523366
 0.09345794392523366
 0.09345794392523366
 0.1869158878504673
 0.2803738317757009
 0.2803738317757009
 0.1869158878504673
 0.09345794392523366
 0.09345794392523366
 0.2803738317757009


