 1.512287334593573
 0.945179584120983
 0.6616257088846881
 0.0945179584120983
 0.0945179584120983
 0.0945179584120983
 0.5671077504725899
 2.835538752362949
 1.039697542533081
 0.0945179584120983
 0.0945179584120983
 0.0945179584120983
 0.1890359168241966
 0.945179584120983
 0.2835538752362949
 0.0945179584120983
 0.0945179584120983
 0.0945179584120983
 0.0945179584120983
 0.0945179584120983
 0.0945179584120983
 0.0945179584120983
 0.0945179584120983
 0.0945179584120983
 0.0945179584120983
 0.0945179584120983
 0.0945179584120983
 0.0945179584120983
 0.0945179584120983
 0.0945179584120983
 0.0945179584120983
 0.0945179584120983
 0.0945179584120983
 0.0945179584120983
 0.0945179584120983
 0.0945179584120983
 1.228733459357278
 2.835538752362949
 0.3780718336483932
 0.0945179584120983
 0.0945179584120983
 0.0945179584120983
 3.402646502835539
 41.11531190926276
 4.914933837429111
 0.0945179584120983
 0.0945179584120983
 0.1890359168241966
 0.4725897920604915
 5.482041587901701
 1.512287334593573
 0.0945179584120983
 0.0945179584120983
 0.0945179584120983
 0.0945179584120983
 0.0945179584120983
 0.0945179584120983
 0.0945179584120983
 0.0945179584120983
 0.0945179584120983
 0.0945179584120983
 0.0945179584120983
 0.0945179584120983
 0.0945179584120983
 0.0945179584120983
 0.0945179584120983
 0.0945179584120983
 0.1890359168241966
 0.0945179584120983
 0.0945179584120983
 0.0945179584120983
 0.0945179584120983
 0.3780718336483932
 0.6616257088846881
 0.3780718336483932
 0.0945179584120983
 0.0945179584120983
 0.0945179584120983
 0.4725897920604915
 5.671077504725898
 1.417769376181474
 0.0945179584120983
 0.0945179584120983
 0.0945179584120983
 0.7561436672967864
 1.039697542533081
 0.7561436672967864
 0.0945179584120983
 0.0945179584120983
 0.0945179584120983
 0.0945179584120983
 0.0945179584120983
 0.0945179584120983
 0.0945179584120983
 0.0945179584120983
 0.0945179584120983
 0.0945179584120983
 0.0945179584120983
 0.0945179584120983
 0.0945179584120983
 0.0945179584120983
 0.0945179584120983
 0.0945179584120983
 0.0945179584120983
 0.0945179584120983
 0.0945179584120983
 0.0945179584120983
 0.0945179584120983
 0.0945179584120983
 0.0945179584120983
 0.0945179584120983
 0.0945179584120983
 0.0945179584120983
 0.0945179584120983
 0.0945179584120983
 0.0945179584120983
 0.0945179584120983
 0.0945179584120983
 0.0945179584120983
 0.0945179584120983
 0.0945179584120983
 0.0945179584120983
 0.0945179584120983
 0.0945179584120983
 0.0945179584120983
 0.0945179584120983
 0.0945179584120983
 0.0945179584120983
 0.0945179584120983
 0.0945179584120983
 0.0945179584120983
 0.0945179584120983
 0.0945179584120983
 0.0945179584120983
 0.0945179584120983
 0.0945179584120983
 0.0945179584120983
 0.0945179584120983
 0.0945179584120983
 0.0945179584120983
 0.0945179584120983
 0.0945179584120983
 0.0945179584120983
 0.0945179584120983
 0.0945179584120983
 0.0945179584120983
 0.0945179584120983
 0.0945179584120983
 0.0945179584120983
 0.0945179584120983
 0.0945179584120983
 0.0945179584120983
 0.0945179584120983
 0.0945179584120983
 0.0945179584120983
 0.0945179584120983
 0.0945179584120983
 0.0945179584120983
 0.0945179584120983
 0.0945179584120983
 0.0945179584120983
 0.0945179584120983
 0.0945179584120983
 0.0945179584120983
 0.0945179584120983
 0.0945179584120983
 0.0945179584120983
 0.0945179584120983
 0.0945179584120983
 0.0945179584120983
 0.0945179584120983
 0.0945179584120983
 0.0945179584120983
 0.0945179584120983
 0.0945179584120983
 0.0945179584120983
 0.0945179584120983
 0.0945179584120983
 0.0945179584120983
 0.0945179584120983
 0.0945179584120983
 0.0945179584120983
 0.0945179584120983
 0.0945179584120983
 0.0945179584120983
 0.0945179584120983
 0.0945179584120983
 0.0945179584120983
 0.1890359168241966
 0.0945179584120983
 0.0945179584120983
 0.0945179584120983
 0.0945179584120983
 0.0945179584120983
 0.0945179584120983
 0.0945179584120983
 0.0945179584120983
 0.0945179584120983
 0.0945179584120983
 0.0945179584120983
 0.0945179584120983
 0.0945179584120983
 0.0945179584120983
 0.0945179584120983
 0.0945179584120983
 0.0945179584120983
 0.0945179584120983
 0.0945179584120983
 0.0945179584120983
 0.0945179584120983
 0.0945179584120983
 0.0945179584120983
 0.0945179584120983
 0.0945179584120983
 0.0945179584120983
 0.0945179584120983


