 0.3910068426197458
 0.1955034213098729
 0.09775171065493646
 0.2932551319648094
 0.1955034213098729
 0.09775171065493646
 0.09775171065493646
 0.09775171065493646
 0.1955034213098729
 0.09775171065493646
 0.09775171065493646
 0.1955034213098729
 0.2932551319648094
 0.09775171065493646
 0.09775171065493646
 0.1955034213098729
 0.09775171065493646
 0.09775171065493646
 0.09775171065493646
 0.1955034213098729
 0.3910068426197458
 0.3910068426197458
 0.1955034213098729
 0.09775171065493646
 0.09775171065493646
 0.1955034213098729
 0.09775171065493646
 0.09775171065493646
 0.09775171065493646
 0.2932551319648094
 0.09775171065493646
 0.09775171065493646
 0.09775171065493646
 0.09775171065493646
 0.09775171065493646
 0.1955034213098729
 0.09775171065493646
 0.09775171065493646
 0.1955034213098729
 0.1955034213098729
 0.1955034213098729
 0.09775171065493646
 0.1955034213098729
 0.1955034213098729
 0.3910068426197458
 0.4887585532746823
 0.09775171065493646
 0.09775171065493646
 0.1955034213098729
 0.4887585532746823
 2.248289345063539
 0.5865102639296188
 0.1955034213098729
 0.09775171065493646
 0.09775171065493646
 0.2932551319648094
 1.173020527859238
 0.5865102639296188
 0.1955034213098729
 0.2932551319648094
 0.09775171065493646
 0.09775171065493646
 0.09775171065493646
 0.1955034213098729
 0.1955034213098729
 0.09775171065493646
 0.09775171065493646
 0.1955034213098729
 0.1955034213098729
 0.09775171065493646
 0.09775171065493646
 0.1955034213098729
 0.3910068426197458
 0.1955034213098729
 0.2932551319648094
 0.3910068426197458
 0.09775171065493646
 0.09775171065493646
 0.1955034213098729
 0.4887585532746823
 1.955034213098729
 0.9775171065493646
 0.1955034213098729
 0.1955034213098729
 0.3910068426197458
 1.759530791788857
 21.21212121212121
 6.940371456500488
 0.7820136852394917
 0.1955034213098729
 0.1955034213098729
 1.173020527859238
 6.842619745845552
 2.541544477028348
 0.1955034213098729
 0.1955034213098729
 0.09775171065493646
 0.1955034213098729
 0.7820136852394917
 0.2932551319648094
 0.09775171065493646
 0.09775171065493646
 0.09775171065493646
 0.2932551319648094
 0.1955034213098729
 0.1955034213098729
 0.09775171065493646
 0.09775171065493646
 0.09775171065493646
 0.09775171065493646
 0.09775171065493646
 0.09775171065493646
 0.09775171065493646
 0.1955034213098729
 0.1955034213098729
 0.3910068426197458
 0.7820136852394917
 0.6842619745845552
 0.09775171065493646
 0.1955034213098729
 0.2932551319648094
 1.075268817204301
 7.135874877810362
 2.932551319648094
 0.2932551319648094
 0.2932551319648094
 0.09775171065493646
 0.3910068426197458
 3.03030303030303
 1.075268817204301
 0.1955034213098729
 0.09775171065493646
 0.09775171065493646
 0.1955034213098729
 0.2932551319648094
 0.1955034213098729
 0.1955034213098729
 0.09775171065493646
 0.09775171065493646
 0.09775171065493646
 0.1955034213098729
 0.2932551319648094
 0.09775171065493646
 0.1955034213098729
 0.09775171065493646
 0.09775171065493646
 0.09775171065493646
 0.1955034213098729
 0.09775171065493646
 0.09775171065493646
 0.09775171065493646
 0.09775171065493646
 0.1955034213098729
 0.2932551319648094
 0.09775171065493646
 0.09775171065493646
 0.1955034213098729
 0.3910068426197458
 0.3910068426197458
 0.1955034213098729
 0.09775171065493646
 0.1955034213098729
 0.09775171065493646
 0.09775171065493646
 0.2932551319648094
 0.1955034213098729
 0.1955034213098729
 0.09775171065493646
 0.1955034213098729
 0.09775171065493646
 0.09775171065493646
 0.09775171065493646
 0.09775171065493646
 0.1955034213098729
 0.09775171065493646
 0.09775171065493646
 0.1955034213098729
 0.09775171065493646
 0.09775171065493646
 0.2932551319648094
 0.1955034213098729
 0.09775171065493646
 0.09775171065493646
 0.1955034213098729
 0.1955034213098729
 0.09775171065493646
 0.09775171065493646
 0.1955034213098729
 0.1955034213098729
 0.09775171065493646
 0.1955034213098729
 0.09775171065493646
 0.09775171065493646
 0.1955034213098729
 0.2932551319648094
 0.2932551319648094
 0.09775171065493646
 0.09775171065493646
 0.09775171065493646
 0.1955034213098729
 0.2932551319648094
 0.09775171065493646
 0.09775171065493646
 0.1955034213098729
 0.09775171065493646
 0.09775171065493646
 0.09775171065493646
 0.09775171065493646
 0.09775171065493646
 0.09775171065493646
 0.3910068426197458
 0.09775171065493646
 0.1955034213098729
 0.1955034213098729
 0.09775171065493646
 0.1955034213098729


