 0.3741814780168382
 0.1870907390084191
 0.1870907390084191
 0.1870907390084191
 0.09354536950420954
 0.2806361085126286
 0.09354536950420954
 0.09354536950420954
 0.1870907390084191
 0.3741814780168382
 0.09354536950420954
 0.09354536950420954
 0.09354536950420954
 0.09354536950420954
 0.2806361085126286
 0.4677268475210477
 0.1870907390084191
 0.1870907390084191
 0.09354536950420954
 0.1870907390084191
 0.6548175865294669
 0.1870907390084191
 0.09354536950420954
 0.1870907390084191
 0.09354536950420954
 0.09354536950420954
 0.1870907390084191
 0.09354536950420954
 0.09354536950420954
 0.09354536950420954
 0.09354536950420954
 0.1870907390084191
 0.1870907390084191
 0.09354536950420954
 0.09354536950420954
 0.09354536950420954
 0.09354536950420954
 0.1870907390084191
 0.2806361085126286
 0.1870907390084191
 0.09354536950420954
 0.09354536950420954
 0.09354536950420954
 0.7483629560336763
 0.9354536950420954
 0.3741814780168382
 0.09354536950420954
 0.1870907390084191
 0.4677268475210477
 0.3741814780168382
 1.870907390084191
 1.309635173058934
 0.2806361085126286
 0.09354536950420954
 0.09354536950420954
 0.2806361085126286
 1.590271281571562
 0.7483629560336763
 0.1870907390084191
 0.09354536950420954
 0.09354536950420954
 0.09354536950420954
 0.2806361085126286
 0.09354536950420954
 0.09354536950420954
 0.09354536950420954
 0.09354536950420954
 0.1870907390084191
 0.1870907390084191
 0.09354536950420954
 0.1870907390084191
 0.1870907390084191
 0.3741814780168382
 0.2806361085126286
 0.2806361085126286
 0.4677268475210477
 0.1870907390084191
 0.09354536950420954
 0.1870907390084191
 0.4677268475210477
 2.05799812909261
 1.496725912067353
 0.1870907390084191
 0.09354536950420954
 0.5612722170252572
 1.870907390084191
 13.47053320860618
 6.17399438727783
 1.028999064546305
 0.5612722170252572
 0.09354536950420954
 1.309635173058934
 5.519176800748363
 3.086997193638915
 0.841908325537886
 0.2806361085126286
 0.3741814780168382
 0.2806361085126286
 0.7483629560336763
 0.6548175865294669
 0.2806361085126286
 0.2806361085126286
 0.09354536950420954
 0.09354536950420954
 0.6548175865294669
 0.1870907390084191
 0.09354536950420954
 0.1870907390084191
 0.09354536950420954
 0.09354536950420954
 0.1870907390084191
 0.09354536950420954
 0.09354536950420954
 0.09354536950420954
 0.1870907390084191
 0.841908325537886
 0.5612722170252572
 0.5612722170252572
 0.1870907390084191
 0.2806361085126286
 0.2806361085126286
 1.590271281571562
 7.015902712815715
 2.245088868101029
 0.5612722170252572
 0.1870907390084191
 0.1870907390084191
 0.5612722170252572
 3.086997193638915
 1.216089803554724
 0.2806361085126286
 0.09354536950420954
 0.09354536950420954
 0.1870907390084191
 0.6548175865294669
 0.3741814780168382
 0.1870907390084191
 0.09354536950420954
 0.09354536950420954
 0.09354536950420954
 0.2806361085126286
 0.09354536950420954
 0.09354536950420954
 0.1870907390084191
 0.1870907390084191
 0.09354536950420954
 0.1870907390084191
 0.2806361085126286
 0.09354536950420954
 0.09354536950420954
 0.09354536950420954
 0.09354536950420954
 0.4677268475210477
 0.09354536950420954
 0.09354536950420954
 0.09354536950420954
 0.1870907390084191
 0.3741814780168382
 0.6548175865294669
 0.7483629560336763
 0.09354536950420954
 0.09354536950420954
 0.09354536950420954
 0.1870907390084191
 0.841908325537886
 0.09354536950420954
 0.09354536950420954
 0.09354536950420954
 0.09354536950420954
 0.1870907390084191
 0.1870907390084191
 0.09354536950420954
 0.1870907390084191
 0.1870907390084191
 0.2806361085126286
 0.09354536950420954
 0.09354536950420954
 0.09354536950420954
 0.09354536950420954
 0.1870907390084191
 0.1870907390084191
 0.09354536950420954
 0.1870907390084191
 0.1870907390084191
 0.09354536950420954
 0.09354536950420954
 0.2806361085126286
 0.1870907390084191
 0.09354536950420954
 0.09354536950420954
 0.09354536950420954
 0.1870907390084191
 0.09354536950420954
 0.1870907390084191
 0.4677268475210477
 0.1870907390084191
 0.4677268475210477
 0.1870907390084191
 0.09354536950420954
 0.09354536950420954
 0.1870907390084191
 0.09354536950420954
 0.09354536950420954
 0.09354536950420954
 0.1870907390084191
 0.09354536950420954
 0.09354536950420954
 0.09354536950420954
 0.09354536950420954
 0.09354536950420954
 0.1870907390084191
 0.2806361085126286
 0.1870907390084191
 0.09354536950420954
 0.09354536950420954
 0.5612722170252572


