 0.09354536950420954
 0.1870907390084191
 0.09354536950420954
 0.1870907390084191
 0.1870907390084191
 0.09354536950420954
 0.1870907390084191
 0.09354536950420954
 0.3741814780168382
 0.2806361085126286
 0.09354536950420954
 0.09354536950420954
 0.1870907390084191
 0.09354536950420954
 0.2806361085126286
 0.2806361085126286
 0.09354536950420954
 0.09354536950420954
 0.09354536950420954
 0.2806361085126286
 0.3741814780168382
 0.09354536950420954
 0.1870907390084191
 0.09354536950420954
 0.09354536950420954
 0.09354536950420954
 0.2806361085126286
 0.09354536950420954
 0.09354536950420954
 0.09354536950420954
 0.09354536950420954
 0.09354536950420954
 0.09354536950420954
 0.09354536950420954
 0.09354536950420954
 0.09354536950420954
 0.09354536950420954
 0.09354536950420954
 0.1870907390084191
 0.4677268475210477
 0.09354536950420954
 0.09354536950420954
 0.09354536950420954
 0.3741814780168382
 0.4677268475210477
 0.4677268475210477
 0.09354536950420954
 0.09354536950420954
 0.09354536950420954
 0.2806361085126286
 2.05799812909261
 0.9354536950420954
 0.4677268475210477
 0.2806361085126286
 0.1870907390084191
 0.2806361085126286
 1.870907390084191
 0.4677268475210477
 0.09354536950420954
 0.1870907390084191
 0.09354536950420954
 0.09354536950420954
 0.09354536950420954
 0.09354536950420954
 0.09354536950420954
 0.09354536950420954
 0.09354536950420954
 0.09354536950420954
 0.09354536950420954
 0.09354536950420954
 0.09354536950420954
 0.09354536950420954
 0.2806361085126286
 0.3741814780168382
 0.1870907390084191
 0.1870907390084191
 0.09354536950420954
 0.09354536950420954
 0.2806361085126286
 0.4677268475210477
 1.777362020579981
 1.309635173058934
 0.09354536950420954
 0.09354536950420954
 0.2806361085126286
 1.590271281571562
 17.02525724976614
 8.23199251637044
 0.2806361085126286
 0.4677268475210477
 0.2806361085126286
 1.403180542563143
 8.13844714686623
 2.899906454630496
 0.3741814780168382
 0.2806361085126286
 0.09354536950420954
 0.2806361085126286
 0.6548175865294669
 0.2806361085126286
 0.2806361085126286
 0.09354536950420954
 0.09354536950420954
 0.1870907390084191
 0.6548175865294669
 0.09354536950420954
 0.09354536950420954
 0.1870907390084191
 0.09354536950420954
 0.2806361085126286
 0.2806361085126286
 0.09354536950420954
 0.09354536950420954
 0.09354536950420954
 0.1870907390084191
 0.4677268475210477
 1.122544434050514
 0.7483629560336763
 0.09354536950420954
 0.09354536950420954
 0.3741814780168382
 1.590271281571562
 7.577174929840973
 3.086997193638915
 0.4677268475210477
 0.2806361085126286
 0.1870907390084191
 0.5612722170252572
 2.525724976613658
 1.309635173058934
 0.1870907390084191
 0.1870907390084191
 0.09354536950420954
 0.09354536950420954
 0.4677268475210477
 0.1870907390084191
 0.09354536950420954
 0.09354536950420954
 0.1870907390084191
 0.1870907390084191
 0.1870907390084191
 0.09354536950420954
 0.1870907390084191
 0.09354536950420954
 0.09354536950420954
 0.09354536950420954
 0.09354536950420954
 0.09354536950420954
 0.1870907390084191
 0.09354536950420954
 0.09354536950420954
 0.09354536950420954
 0.1870907390084191
 0.1870907390084191
 0.09354536950420954
 0.09354536950420954
 0.09354536950420954
 0.1870907390084191
 0.7483629560336763
 0.4677268475210477
 0.1870907390084191
 0.09354536950420954
 0.09354536950420954
 0.09354536950420954
 0.3741814780168382
 0.09354536950420954
 0.09354536950420954
 0.09354536950420954
 0.09354536950420954
 0.09354536950420954
 0.1870907390084191
 0.09354536950420954
 0.09354536950420954
 0.1870907390084191
 0.09354536950420954
 0.09354536950420954
 0.09354536950420954
 0.09354536950420954
 0.09354536950420954
 0.1870907390084191
 0.1870907390084191
 0.09354536950420954
 0.1870907390084191
 0.09354536950420954
 0.09354536950420954
 0.09354536950420954
 0.1870907390084191
 0.09354536950420954
 0.1870907390084191
 0.09354536950420954
 0.09354536950420954
 0.09354536950420954
 0.1870907390084191
 0.2806361085126286
 0.2806361085126286
 0.2806361085126286
 0.1870907390084191
 0.09354536950420954
 0.09354536950420954
 0.09354536950420954
 0.09354536950420954
 0.09354536950420954
 0.09354536950420954
 0.09354536950420954
 0.1870907390084191
 0.09354536950420954
 0.09354536950420954
 0.09354536950420954
 0.09354536950420954
 0.09354536950420954
 0.1870907390084191
 0.09354536950420954
 0.1870907390084191
 0.09354536950420954
 0.09354536950420954
 0.09354536950420954


