 35.51401869158878
 10.18691588785047
 0.09345794392523366
 0.09345794392523366
 0.09345794392523366
 0.09345794392523366
 9.813084112149532
 4.299065420560748
 0.09345794392523366
 0.09345794392523366
 0.09345794392523366
 0.1869158878504673
 0.09345794392523366
 0.09345794392523366
 0.09345794392523366
 0.09345794392523366
 0.09345794392523366
 0.09345794392523366
 0.09345794392523366
 0.09345794392523366
 0.09345794392523366
 0.09345794392523366
 0.09345794392523366
 0.09345794392523366
 0.09345794392523366
 0.09345794392523366
 0.09345794392523366
 0.09345794392523366
 0.09345794392523366
 0.09345794392523366
 0.09345794392523366
 0.09345794392523366
 0.09345794392523366
 0.09345794392523366
 0.09345794392523366
 0.09345794392523366
 10.09345794392523
 4.018691588785047
 0.09345794392523366
 0.09345794392523366
 0.09345794392523366
 0.09345794392523366
 4.299065420560748
 2.05607476635514
 0.09345794392523366
 0.09345794392523366
 0.09345794392523366
 0.09345794392523366
 0.09345794392523366
 0.09345794392523366
 0.09345794392523366
 0.09345794392523366
 0.09345794392523366
 0.09345794392523366
 0.09345794392523366
 0.09345794392523366
 0.09345794392523366
 0.09345794392523366
 0.09345794392523366
 0.09345794392523366
 0.09345794392523366
 0.09345794392523366
 0.09345794392523366
 0.09345794392523366
 0.09345794392523366
 0.09345794392523366
 0.1869158878504673
 0.09345794392523366
 0.09345794392523366
 0.09345794392523366
 0.09345794392523366
 0.09345794392523366
 0.09345794392523366
 0.09345794392523366
 0.09345794392523366
 0.09345794392523366
 0.09345794392523366
 0.09345794392523366
 0.09345794392523366
 0.09345794392523366
 0.09345794392523366
 0.09345794392523366
 0.09345794392523366
 0.09345794392523366
 0.09345794392523366
 0.09345794392523366
 0.09345794392523366
 0.09345794392523366
 0.09345794392523366
 0.09345794392523366
 0.09345794392523366
 0.09345794392523366
 0.09345794392523366
 0.09345794392523366
 0.09345794392523366
 0.09345794392523366
 0.09345794392523366
 0.09345794392523366
 0.09345794392523366
 0.09345794392523366
 0.09345794392523366
 0.09345794392523366
 0.09345794392523366
 0.09345794392523366
 0.09345794392523366
 0.09345794392523366
 0.09345794392523366
 0.09345794392523366
 0.09345794392523366
 0.09345794392523366
 0.09345794392523366
 0.09345794392523366
 0.09345794392523366
 0.09345794392523366
 0.09345794392523366
 0.09345794392523366
 0.09345794392523366
 0.09345794392523366
 0.09345794392523366
 0.09345794392523366
 0.09345794392523366
 0.09345794392523366
 0.09345794392523366
 0.09345794392523366
 0.09345794392523366
 0.09345794392523366
 0.09345794392523366
 0.09345794392523366
 0.09345794392523366
 0.09345794392523366
 0.09345794392523366
 0.09345794392523366
 0.09345794392523366
 0.09345794392523366
 0.09345794392523366
 0.09345794392523366
 0.09345794392523366
 0.09345794392523366
 0.09345794392523366
 0.09345794392523366
 0.09345794392523366
 0.09345794392523366
 0.09345794392523366
 0.09345794392523366
 0.09345794392523366
 0.09345794392523366
 0.09345794392523366
 0.09345794392523366
 0.09345794392523366
 0.09345794392523366
 0.09345794392523366
 0.09345794392523366
 0.09345794392523366
 0.09345794392523366
 0.09345794392523366
 0.09345794392523366
 0.09345794392523366
 0.09345794392523366
 0.09345794392523366
 0.09345794392523366
 0.09345794392523366
 0.09345794392523366
 0.09345794392523366
 0.09345794392523366
 0.09345794392523366
 0.09345794392523366
 0.09345794392523366
 0.09345794392523366
 0.09345794392523366
 0.09345794392523366
 0.09345794392523366
 0.09345794392523366
 0.09345794392523366
 0.09345794392523366
 0.09345794392523366
 0.09345794392523366
 0.09345794392523366
 0.09345794392523366
 0.09345794392523366
 0.09345794392523366
 0.09345794392523366
 0.1869158878504673
 0.09345794392523366
 0.09345794392523366
 0.09345794392523366
 0.09345794392523366
 0.09345794392523366
 0.09345794392523366
 0.09345794392523366
 0.09345794392523366
 0.09345794392523366
 0.09345794392523366
 0.09345794392523366
 0.09345794392523366
 0.09345794392523366
 0.09345794392523366
 0.09345794392523366
 0.09345794392523366
 0.09345794392523366
 0.09345794392523366
 0.09345794392523366
 0.09345794392523366
 0.09345794392523366
 0.09345794392523366
 0.09345794392523366
 0.09345794392523366
 0.09345794392523366
 0.09345794392523366
 0.09345794392523366
 0.09345794392523366
 0.09345794392523366
 0.09345794392523366
 0.09345794392523366
 0.09345794392523366
 0.09345794392523366
 0.09345794392523366


