 0.2803738317757009
 0.09345794392523366
 0.1869158878504673
 0.2803738317757009
 0.09345794392523366
 0.09345794392523366
 0.09345794392523366
 0.09345794392523366
 0.09345794392523366
 0.1869158878504673
 0.2803738317757009
 0.09345794392523366
 0.1869158878504673
 0.09345794392523366
 0.09345794392523366
 0.09345794392523366
 0.09345794392523366
 0.1869158878504673
 0.09345794392523366
 0.2803738317757009
 0.3738317757009346
 0.2803738317757009
 0.09345794392523366
 0.09345794392523366
 0.09345794392523366
 0.09345794392523366
 0.1869158878504673
 0.09345794392523366
 0.2803738317757009
 0.09345794392523366
 0.09345794392523366
 0.09345794392523366
 0.1869158878504673
 0.09345794392523366
 0.09345794392523366
 0.09345794392523366
 0.09345794392523366
 0.09345794392523366
 0.1869158878504673
 0.2803738317757009
 0.1869158878504673
 0.09345794392523366
 0.09345794392523366
 0.1869158878504673
 0.2803738317757009
 0.6542056074766356
 0.09345794392523366
 0.09345794392523366
 0.2803738317757009
 0.5607476635514018
 0.9345794392523363
 0.9345794392523363
 0.09345794392523366
 0.2803738317757009
 0.1869158878504673
 0.2803738317757009
 1.308411214953271
 0.5607476635514018
 0.1869158878504673
 0.1869158878504673
 0.09345794392523366
 0.1869158878504673
 0.3738317757009346
 0.1869158878504673
 0.09345794392523366
 0.09345794392523366
 0.09345794392523366
 0.09345794392523366
 0.09345794392523366
 0.09345794392523366
 0.09345794392523366
 0.1869158878504673
 0.1869158878504673
 0.3738317757009346
 0.09345794392523366
 0.1869158878504673
 0.2803738317757009
 0.1869158878504673
 0.1869158878504673
 0.5607476635514018
 1.495327102803738
 0.8411214953271028
 0.1869158878504673
 0.09345794392523366
 0.1869158878504673
 1.869158878504673
 20.8411214953271
 7.009345794392523
 0.2803738317757009
 0.3738317757009346
 0.1869158878504673
 1.214953271028037
 7.570093457943925
 3.08411214953271
 0.2803738317757009
 0.09345794392523366
 0.09345794392523366
 0.2803738317757009
 0.3738317757009346
 0.2803738317757009
 0.2803738317757009
 0.09345794392523366
 0.09345794392523366
 0.1869158878504673
 0.6542056074766356
 0.1869158878504673
 0.1869158878504673
 0.09345794392523366
 0.1869158878504673
 0.09345794392523366
 0.09345794392523366
 0.1869158878504673
 0.09345794392523366
 0.09345794392523366
 0.1869158878504673
 0.2803738317757009
 1.02803738317757
 0.6542056074766356
 0.2803738317757009
 0.1869158878504673
 0.3738317757009346
 0.4672897196261682
 7.943925233644859
 3.738317757009345
 0.4672897196261682
 0.3738317757009346
 0.09345794392523366
 0.3738317757009346
 3.551401869158879
 0.9345794392523363
 0.09345794392523366
 0.09345794392523366
 0.09345794392523366
 0.09345794392523366
 0.1869158878504673
 0.2803738317757009
 0.09345794392523366
 0.09345794392523366
 0.09345794392523366
 0.09345794392523366
 0.09345794392523366
 0.1869158878504673
 0.09345794392523366
 0.09345794392523366
 0.09345794392523366
 0.09345794392523366
 0.09345794392523366
 0.1869158878504673
 0.09345794392523366
 0.09345794392523366
 0.1869158878504673
 0.09345794392523366
 0.09345794392523366
 0.2803738317757009
 0.09345794392523366
 0.09345794392523366
 0.1869158878504673
 0.09345794392523366
 0.6542056074766356
 0.3738317757009346
 0.09345794392523366
 0.09345794392523366
 0.09345794392523366
 0.1869158878504673
 0.3738317757009346
 0.1869158878504673
 0.09345794392523366
 0.09345794392523366
 0.09345794392523366
 0.09345794392523366
 0.2803738317757009
 0.09345794392523366
 0.1869158878504673
 0.2803738317757009
 0.09345794392523366
 0.1869158878504673
 0.09345794392523366
 0.09345794392523366
 0.09345794392523366
 0.2803738317757009
 0.1869158878504673
 0.09345794392523366
 0.09345794392523366
 0.09345794392523366
 0.09345794392523366
 0.09345794392523366
 0.1869158878504673
 0.1869158878504673
 0.09345794392523366
 0.09345794392523366
 0.09345794392523366
 0.09345794392523366
 0.09345794392523366
 0.2803738317757009
 0.1869158878504673
 0.2803738317757009
 0.3738317757009346
 0.09345794392523366
 0.09345794392523366
 0.2803738317757009
 0.09345794392523366
 0.09345794392523366
 0.09345794392523366
 0.09345794392523366
 0.1869158878504673
 0.09345794392523366
 0.09345794392523366
 0.09345794392523366
 0.09345794392523366
 0.1869158878504673
 0.1869158878504673
 0.09345794392523366
 0.1869158878504673
 0.09345794392523366
 0.1869158878504673
 0.1869158878504673


