 0.7483629560336763
 0.1870907390084191
 0.3741814780168382
 0.1870907390084191
 0.09354536950420954
 0.1870907390084191
 0.2806361085126286
 0.09354536950420954
 0.4677268475210477
 0.4677268475210477
 0.09354536950420954
 0.09354536950420954
 0.1870907390084191
 0.3741814780168382
 0.5612722170252572
 0.4677268475210477
 0.09354536950420954
 0.1870907390084191
 0.09354536950420954
 0.2806361085126286
 0.4677268475210477
 0.2806361085126286
 0.1870907390084191
 0.09354536950420954
 0.09354536950420954
 0.09354536950420954
 0.09354536950420954
 0.2806361085126286
 0.09354536950420954
 0.1870907390084191
 0.09354536950420954
 0.1870907390084191
 0.1870907390084191
 0.09354536950420954
 0.09354536950420954
 0.1870907390084191
 0.1870907390084191
 0.3741814780168382
 0.1870907390084191
 0.6548175865294669
 0.1870907390084191
 0.09354536950420954
 0.3741814780168382
 0.1870907390084191
 0.2806361085126286
 0.3741814780168382
 0.2806361085126286
 0.09354536950420954
 0.3741814780168382
 1.028999064546305
 1.403180542563143
 0.6548175865294669
 0.1870907390084191
 0.09354536950420954
 0.09354536950420954
 0.4677268475210477
 1.216089803554724
 0.7483629560336763
 0.5612722170252572
 0.1870907390084191
 0.1870907390084191
 0.2806361085126286
 0.1870907390084191
 0.1870907390084191
 0.09354536950420954
 0.09354536950420954
 0.09354536950420954
 0.09354536950420954
 0.09354536950420954
 0.1870907390084191
 0.09354536950420954
 0.2806361085126286
 0.4677268475210477
 0.3741814780168382
 0.5612722170252572
 0.2806361085126286
 0.2806361085126286
 0.09354536950420954
 0.5612722170252572
 0.5612722170252572
 1.403180542563143
 1.309635173058934
 0.3741814780168382
 0.09354536950420954
 0.7483629560336763
 1.777362020579981
 16.46398503274088
 5.051449953227316
 0.4677268475210477
 0.5612722170252572
 0.4677268475210477
 0.7483629560336763
 3.367633302151544
 2.806361085126286
 0.2806361085126286
 0.5612722170252572
 0.09354536950420954
 0.09354536950420954
 0.841908325537886
 0.2806361085126286
 0.2806361085126286
 0.1870907390084191
 0.09354536950420954
 0.2806361085126286
 0.3741814780168382
 0.1870907390084191
 0.3741814780168382
 0.2806361085126286
 0.09354536950420954
 0.2806361085126286
 0.3741814780168382
 0.09354536950420954
 0.09354536950420954
 0.09354536950420954
 0.1870907390084191
 0.5612722170252572
 1.028999064546305
 0.6548175865294669
 0.09354536950420954
 0.3741814780168382
 0.3741814780168382
 0.7483629560336763
 4.957904583723105
 1.590271281571562
 0.4677268475210477
 0.3741814780168382
 0.1870907390084191
 1.028999064546305
 2.619270346117867
 1.777362020579981
 0.4677268475210477
 0.09354536950420954
 0.09354536950420954
 0.1870907390084191
 0.6548175865294669
 0.2806361085126286
 0.1870907390084191
 0.2806361085126286
 0.09354536950420954
 0.1870907390084191
 0.3741814780168382
 0.2806361085126286
 0.1870907390084191
 0.1870907390084191
 0.09354536950420954
 0.1870907390084191
 0.09354536950420954
 0.09354536950420954
 0.09354536950420954
 0.1870907390084191
 0.09354536950420954
 0.09354536950420954
 0.3741814780168382
 0.09354536950420954
 0.09354536950420954
 0.09354536950420954
 0.09354536950420954
 0.1870907390084191
 1.122544434050514
 0.2806361085126286
 0.2806361085126286
 0.2806361085126286
 0.09354536950420954
 0.1870907390084191
 0.5612722170252572
 0.3741814780168382
 0.09354536950420954
 0.09354536950420954
 0.09354536950420954
 0.09354536950420954
 0.2806361085126286
 0.1870907390084191
 0.3741814780168382
 0.09354536950420954
 0.1870907390084191
 0.09354536950420954
 0.2806361085126286
 0.09354536950420954
 0.09354536950420954
 0.2806361085126286
 0.1870907390084191
 0.09354536950420954
 0.2806361085126286
 0.09354536950420954
 0.09354536950420954
 0.1870907390084191
 0.1870907390084191
 0.09354536950420954
 0.1870907390084191
 0.3741814780168382
 0.09354536950420954
 0.09354536950420954
 0.2806361085126286
 0.1870907390084191
 0.5612722170252572
 0.1870907390084191
 0.2806361085126286
 0.09354536950420954
 0.09354536950420954
 0.1870907390084191
 0.2806361085126286
 0.1870907390084191
 0.09354536950420954
 0.2806361085126286
 0.1870907390084191
 0.09354536950420954
 0.1870907390084191
 0.1870907390084191
 0.09354536950420954
 0.1870907390084191
 0.3741814780168382
 0.1870907390084191
 0.2806361085126286
 0.2806361085126286
 0.09354536950420954
 0.7483629560336763


