 0.4699248120300752
 0.2819548872180451
 0.2819548872180451
 0.09398496240601503
 0.09398496240601503
 0.1879699248120301
 0.09398496240601503
 0.09398496240601503
 0.3759398496240601
 0.09398496240601503
 0.09398496240601503
 0.09398496240601503
 0.1879699248120301
 0.09398496240601503
 0.1879699248120301
 0.09398496240601503
 0.1879699248120301
 0.1879699248120301
 0.09398496240601503
 0.09398496240601503
 0.7518796992481203
 0.1879699248120301
 0.09398496240601503
 0.09398496240601503
 0.09398496240601503
 0.1879699248120301
 0.2819548872180451
 0.09398496240601503
 0.09398496240601503
 0.09398496240601503
 0.09398496240601503
 0.09398496240601503
 0.09398496240601503
 0.2819548872180451
 0.09398496240601503
 0.09398496240601503
 0.09398496240601503
 0.09398496240601503
 0.09398496240601503
 0.2819548872180451
 0.3759398496240601
 0.09398496240601503
 0.2819548872180451
 0.09398496240601503
 0.6578947368421052
 0.2819548872180451
 0.09398496240601503
 0.09398496240601503
 0.2819548872180451
 0.8458646616541353
 2.255639097744361
 1.691729323308271
 0.09398496240601503
 0.1879699248120301
 0.09398496240601503
 0.1879699248120301
 1.409774436090226
 0.3759398496240601
 0.09398496240601503
 0.1879699248120301
 0.09398496240601503
 0.09398496240601503
 0.09398496240601503
 0.09398496240601503
 0.09398496240601503
 0.1879699248120301
 0.09398496240601503
 0.09398496240601503
 0.09398496240601503
 0.09398496240601503
 0.1879699248120301
 0.09398496240601503
 0.2819548872180451
 0.09398496240601503
 0.2819548872180451
 0.4699248120300752
 0.09398496240601503
 0.09398496240601503
 0.1879699248120301
 0.5639097744360901
 2.631578947368421
 1.221804511278195
 0.09398496240601503
 0.09398496240601503
 0.3759398496240601
 1.973684210526316
 15.88345864661654
 6.766917293233083
 0.5639097744360901
 0.4699248120300752
 0.1879699248120301
 1.409774436090226
 7.142857142857142
 2.725563909774436
 0.2819548872180451
 0.4699248120300752
 0.09398496240601503
 0.2819548872180451
 0.7518796992481203
 0.4699248120300752
 0.1879699248120301
 0.2819548872180451
 0.09398496240601503
 0.1879699248120301
 0.5639097744360901
 0.2819548872180451
 0.09398496240601503
 0.09398496240601503
 0.2819548872180451
 0.09398496240601503
 0.09398496240601503
 0.1879699248120301
 0.09398496240601503
 0.09398496240601503
 0.1879699248120301
 0.4699248120300752
 1.221804511278195
 0.4699248120300752
 0.09398496240601503
 0.1879699248120301
 0.1879699248120301
 1.597744360902255
 6.766917293233083
 2.913533834586466
 0.8458646616541353
 0.1879699248120301
 0.2819548872180451
 0.5639097744360901
 2.537593984962406
 1.221804511278195
 0.1879699248120301
 0.09398496240601503
 0.09398496240601503
 0.1879699248120301
 0.3759398496240601
 0.09398496240601503
 0.1879699248120301
 0.09398496240601503
 0.09398496240601503
 0.1879699248120301
 0.1879699248120301
 0.1879699248120301
 0.1879699248120301
 0.1879699248120301
 0.09398496240601503
 0.1879699248120301
 0.09398496240601503
 0.1879699248120301
 0.09398496240601503
 0.09398496240601503
 0.1879699248120301
 0.1879699248120301
 0.2819548872180451
 0.09398496240601503
 0.1879699248120301
 0.09398496240601503
 0.09398496240601503
 0.1879699248120301
 0.6578947368421052
 0.4699248120300752
 0.1879699248120301
 0.09398496240601503
 0.09398496240601503
 0.09398496240601503
 0.5639097744360901
 0.1879699248120301
 0.09398496240601503
 0.09398496240601503
 0.1879699248120301
 0.09398496240601503
 0.09398496240601503
 0.1879699248120301
 0.09398496240601503
 0.09398496240601503
 0.1879699248120301
 0.09398496240601503
 0.1879699248120301
 0.09398496240601503
 0.09398496240601503
 0.1879699248120301
 0.1879699248120301
 0.09398496240601503
 0.09398496240601503
 0.09398496240601503
 0.09398496240601503
 0.1879699248120301
 0.09398496240601503
 0.09398496240601503
 0.1879699248120301
 0.1879699248120301
 0.09398496240601503
 0.09398496240601503
 0.1879699248120301
 0.09398496240601503
 0.3759398496240601
 0.1879699248120301
 0.1879699248120301
 0.1879699248120301
 0.09398496240601503
 0.2819548872180451
 0.09398496240601503
 0.1879699248120301
 0.2819548872180451
 0.09398496240601503
 0.1879699248120301
 0.1879699248120301
 0.09398496240601503
 0.1879699248120301
 0.09398496240601503
 0.09398496240601503
 0.1879699248120301
 0.09398496240601503
 0.09398496240601503
 0.09398496240601503
 0.1879699248120301
 0.1879699248120301


