 0.1709401709401709
 0.1709401709401709
 0.08547008547008547
 0.1709401709401709
 0.08547008547008547
 0.08547008547008547
 0.1709401709401709
 0.08547008547008547
 0.1709401709401709
 0.1709401709401709
 0.08547008547008547
 0.08547008547008547
 0.08547008547008547
 0.1709401709401709
 0.5982905982905984
 0.1709401709401709
 0.08547008547008547
 0.08547008547008547
 0.08547008547008547
 0.1709401709401709
 0.5128205128205128
 0.1709401709401709
 0.08547008547008547
 0.08547008547008547
 0.08547008547008547
 0.08547008547008547
 0.1709401709401709
 0.08547008547008547
 0.08547008547008547
 0.08547008547008547
 0.08547008547008547
 0.08547008547008547
 0.08547008547008547
 0.08547008547008547
 0.08547008547008547
 0.08547008547008547
 0.1709401709401709
 0.08547008547008547
 0.4273504273504274
 0.2564102564102564
 0.08547008547008547
 0.08547008547008547
 0.08547008547008547
 0.08547008547008547
 0.3418803418803419
 0.1709401709401709
 0.08547008547008547
 0.08547008547008547
 0.4273504273504274
 0.4273504273504274
 1.623931623931624
 1.196581196581197
 0.3418803418803419
 0.1709401709401709
 0.08547008547008547
 0.08547008547008547
 1.70940170940171
 0.3418803418803419
 0.1709401709401709
 0.1709401709401709
 0.08547008547008547
 0.08547008547008547
 0.08547008547008547
 0.08547008547008547
 0.08547008547008547
 0.08547008547008547
 0.08547008547008547
 0.08547008547008547
 0.08547008547008547
 0.08547008547008547
 0.08547008547008547
 0.08547008547008547
 0.1709401709401709
 0.1709401709401709
 0.4273504273504274
 0.3418803418803419
 0.08547008547008547
 0.08547008547008547
 0.4273504273504274
 0.3418803418803419
 2.478632478632479
 1.282051282051282
 0.08547008547008547
 0.08547008547008547
 0.3418803418803419
 2.136752136752137
 18.63247863247863
 7.692307692307693
 0.3418803418803419
 0.2564102564102564
 0.08547008547008547
 1.111111111111111
 8.461538461538462
 3.247863247863248
 0.3418803418803419
 0.5128205128205128
 0.08547008547008547
 0.2564102564102564
 0.7692307692307693
 0.2564102564102564
 0.08547008547008547
 0.08547008547008547
 0.08547008547008547
 0.1709401709401709
 0.5128205128205128
 0.08547008547008547
 0.08547008547008547
 0.08547008547008547
 0.08547008547008547
 0.08547008547008547
 0.08547008547008547
 0.08547008547008547
 0.08547008547008547
 0.08547008547008547
 0.1709401709401709
 0.1709401709401709
 0.8547008547008548
 0.7692307692307693
 0.08547008547008547
 0.08547008547008547
 0.2564102564102564
 1.623931623931624
 7.777777777777778
 3.931623931623931
 0.5128205128205128
 0.3418803418803419
 0.08547008547008547
 0.3418803418803419
 3.247863247863248
 1.538461538461539
 0.1709401709401709
 0.08547008547008547
 0.08547008547008547
 0.08547008547008547
 0.3418803418803419
 0.1709401709401709
 0.08547008547008547
 0.1709401709401709
 0.1709401709401709
 0.08547008547008547
 0.1709401709401709
 0.2564102564102564
 0.1709401709401709
 0.1709401709401709
 0.08547008547008547
 0.08547008547008547
 0.08547008547008547
 0.08547008547008547
 0.1709401709401709
 0.08547008547008547
 0.08547008547008547
 0.08547008547008547
 0.2564102564102564
 0.08547008547008547
 0.08547008547008547
 0.08547008547008547
 0.08547008547008547
 0.1709401709401709
 0.5128205128205128
 0.5982905982905984
 0.08547008547008547
 0.08547008547008547
 0.08547008547008547
 0.1709401709401709
 0.2564102564102564
 0.08547008547008547
 0.08547008547008547
 0.08547008547008547
 0.08547008547008547
 0.08547008547008547
 0.08547008547008547
 0.08547008547008547
 0.08547008547008547
 0.08547008547008547
 0.08547008547008547
 0.08547008547008547
 0.08547008547008547
 0.08547008547008547
 0.08547008547008547
 0.1709401709401709
 0.08547008547008547
 0.1709401709401709
 0.08547008547008547
 0.1709401709401709
 0.08547008547008547
 0.08547008547008547
 0.1709401709401709
 0.08547008547008547
 0.08547008547008547
 0.08547008547008547
 0.08547008547008547
 0.08547008547008547
 0.08547008547008547
 0.1709401709401709
 0.3418803418803419
 0.1709401709401709
 0.1709401709401709
 0.08547008547008547
 0.08547008547008547
 0.2564102564102564
 0.1709401709401709
 0.08547008547008547
 0.08547008547008547
 0.08547008547008547
 0.1709401709401709
 0.08547008547008547
 0.08547008547008547
 0.08547008547008547
 0.08547008547008547
 0.08547008547008547
 0.1709401709401709
 0.08547008547008547
 0.08547008547008547
 0.1709401709401709
 0.08547008547008547
 0.08547008547008547


