 0.946969696969697
 0.3787878787878788
 0.1893939393939394
 0.2840909090909091
 0.0946969696969697
 0.2840909090909091
 0.1893939393939394
 0.1893939393939394
 0.2840909090909091
 0.0946969696969697
 0.0946969696969697
 0.0946969696969697
 0.1893939393939394
 0.2840909090909091
 0.2840909090909091
 0.3787878787878788
 0.0946969696969697
 0.2840909090909091
 0.0946969696969697
 0.0946969696969697
 0.3787878787878788
 0.2840909090909091
 0.1893939393939394
 0.1893939393939394
 0.0946969696969697
 0.0946969696969697
 0.0946969696969697
 0.1893939393939394
 0.0946969696969697
 0.1893939393939394
 0.1893939393939394
 0.0946969696969697
 0.1893939393939394
 0.0946969696969697
 0.0946969696969697
 0.2840909090909091
 0.2840909090909091
 0.0946969696969697
 0.2840909090909091
 0.0946969696969697
 0.2840909090909091
 0.0946969696969697
 0.0946969696969697
 0.1893939393939394
 0.8522727272727272
 0.2840909090909091
 0.0946969696969697
 0.0946969696969697
 0.0946969696969697
 0.4734848484848485
 1.704545454545454
 1.893939393939394
 0.0946969696969697
 0.1893939393939394
 0.2840909090909091
 0.4734848484848485
 0.946969696969697
 0.7575757575757576
 0.1893939393939394
 0.0946969696969697
 0.0946969696969697
 0.0946969696969697
 0.0946969696969697
 0.0946969696969697
 0.0946969696969697
 0.0946969696969697
 0.0946969696969697
 0.1893939393939394
 0.0946969696969697
 0.2840909090909091
 0.0946969696969697
 0.0946969696969697
 0.6628787878787878
 0.1893939393939394
 0.4734848484848485
 0.2840909090909091
 0.0946969696969697
 0.0946969696969697
 0.4734848484848485
 0.4734848484848485
 1.893939393939394
 0.946969696969697
 0.0946969696969697
 0.2840909090909091
 0.7575757575757576
 1.704545454545454
 19.88636363636364
 4.924242424242424
 0.6628787878787878
 0.2840909090909091
 0.2840909090909091
 1.420454545454545
 5.587121212121212
 2.178030303030303
 0.5681818181818182
 0.3787878787878788
 0.0946969696969697
 0.0946969696969697
 0.6628787878787878
 0.3787878787878788
 0.0946969696969697
 0.0946969696969697
 0.0946969696969697
 0.2840909090909091
 0.2840909090909091
 0.3787878787878788
 0.0946969696969697
 0.2840909090909091
 0.0946969696969697
 0.0946969696969697
 0.3787878787878788
 0.1893939393939394
 0.0946969696969697
 0.0946969696969697
 0.0946969696969697
 0.4734848484848485
 1.041666666666667
 1.136363636363636
 0.0946969696969697
 0.0946969696969697
 0.2840909090909091
 1.136363636363636
 5.303030303030303
 2.840909090909091
 0.0946969696969697
 0.3787878787878788
 0.0946969696969697
 0.6628787878787878
 2.272727272727273
 1.325757575757576
 0.3787878787878788
 0.0946969696969697
 0.0946969696969697
 0.1893939393939394
 0.7575757575757576
 0.2840909090909091
 0.0946969696969697
 0.0946969696969697
 0.0946969696969697
 0.1893939393939394
 0.2840909090909091
 0.1893939393939394
 0.1893939393939394
 0.1893939393939394
 0.0946969696969697
 0.0946969696969697
 0.0946969696969697
 0.0946969696969697
 0.0946969696969697
 0.1893939393939394
 0.0946969696969697
 0.0946969696969697
 0.1893939393939394
 0.0946969696969697
 0.0946969696969697
 0.0946969696969697
 0.2840909090909091
 0.3787878787878788
 0.5681818181818182
 0.2840909090909091
 0.1893939393939394
 0.0946969696969697
 0.0946969696969697
 0.1893939393939394
 0.3787878787878788
 0.1893939393939394
 0.0946969696969697
 0.1893939393939394
 0.0946969696969697
 0.0946969696969697
 0.0946969696969697
 0.0946969696969697
 0.0946969696969697
 0.0946969696969697
 0.0946969696969697
 0.0946969696969697
 0.0946969696969697
 0.0946969696969697
 0.0946969696969697
 0.1893939393939394
 0.0946969696969697
 0.0946969696969697
 0.0946969696969697
 0.2840909090909091
 0.0946969696969697
 0.1893939393939394
 0.1893939393939394
 0.1893939393939394
 0.1893939393939394
 0.1893939393939394
 0.0946969696969697
 0.1893939393939394
 0.1893939393939394
 0.0946969696969697
 0.4734848484848485
 0.0946969696969697
 0.2840909090909091
 0.1893939393939394
 0.0946969696969697
 0.0946969696969697
 0.5681818181818182
 0.0946969696969697
 0.0946969696969697
 0.1893939393939394
 0.1893939393939394
 0.0946969696969697
 0.0946969696969697
 0.0946969696969697
 0.0946969696969697
 0.0946969696969697
 0.2840909090909091
 0.1893939393939394
 0.3787878787878788
 0.0946969696969697
 0.0946969696969697
 0.6628787878787878


