 0.375234521575985
 0.1876172607879925
 0.5628517823639775
 0.1876172607879925
 0.1876172607879925
 0.09380863039399624
 0.1876172607879925
 0.09380863039399624
 0.4690431519699813
 0.1876172607879925
 0.1876172607879925
 0.1876172607879925
 0.2814258911819887
 0.1876172607879925
 0.7504690431519699
 0.09380863039399624
 0.1876172607879925
 0.1876172607879925
 0.1876172607879925
 0.1876172607879925
 0.2814258911819887
 0.1876172607879925
 0.1876172607879925
 0.09380863039399624
 0.09380863039399624
 0.09380863039399624
 0.2814258911819887
 0.09380863039399624
 0.09380863039399624
 0.1876172607879925
 0.09380863039399624
 0.09380863039399624
 0.09380863039399624
 0.09380863039399624
 0.09380863039399624
 0.09380863039399624
 0.09380863039399624
 0.1876172607879925
 0.1876172607879925
 0.1876172607879925
 0.09380863039399624
 0.09380863039399624
 0.09380863039399624
 0.09380863039399624
 0.4690431519699813
 0.1876172607879925
 0.09380863039399624
 0.09380863039399624
 0.1876172607879925
 0.2814258911819887
 1.407129455909944
 1.219512195121951
 0.09380863039399624
 0.09380863039399624
 0.09380863039399624
 0.1876172607879925
 0.6566604127579738
 0.4690431519699813
 0.1876172607879925
 0.09380863039399624
 0.09380863039399624
 0.09380863039399624
 0.2814258911819887
 0.09380863039399624
 0.09380863039399624
 0.2814258911819887
 0.09380863039399624
 0.09380863039399624
 0.375234521575985
 0.09380863039399624
 0.09380863039399624
 0.1876172607879925
 0.5628517823639775
 0.5628517823639775
 0.2814258911819887
 0.375234521575985
 0.09380863039399624
 0.09380863039399624
 0.2814258911819887
 0.375234521575985
 1.407129455909944
 0.8442776735459663
 0.1876172607879925
 0.1876172607879925
 0.9380863039399625
 1.594746716697936
 25.51594746716698
 6.566604127579738
 0.1876172607879925
 0.6566604127579738
 0.4690431519699813
 0.7504690431519699
 5.909943714821764
 2.626641651031895
 0.375234521575985
 0.1876172607879925
 0.09380863039399624
 0.09380863039399624
 0.6566604127579738
 0.09380863039399624
 0.1876172607879925
 0.09380863039399624
 0.09380863039399624
 0.09380863039399624
 0.4690431519699813
 0.2814258911819887
 0.1876172607879925
 0.375234521575985
 0.375234521575985
 0.09380863039399624
 0.375234521575985
 0.09380863039399624
 0.1876172607879925
 0.09380863039399624
 0.09380863039399624
 0.2814258911819887
 0.6566604127579738
 0.2814258911819887
 0.2814258911819887
 0.1876172607879925
 0.1876172607879925
 0.6566604127579738
 6.191369606003752
 1.876172607879925
 0.375234521575985
 0.1876172607879925
 0.2814258911819887
 0.4690431519699813
 2.439024390243902
 0.5628517823639775
 0.09380863039399624
 0.1876172607879925
 0.1876172607879925
 0.1876172607879925
 0.375234521575985
 0.09380863039399624
 0.09380863039399624
 0.09380863039399624
 0.09380863039399624
 0.09380863039399624
 0.1876172607879925
 0.09380863039399624
 0.1876172607879925
 0.1876172607879925
 0.09380863039399624
 0.09380863039399624
 0.1876172607879925
 0.1876172607879925
 0.09380863039399624
 0.09380863039399624
 0.09380863039399624
 0.09380863039399624
 0.1876172607879925
 0.09380863039399624
 0.09380863039399624
 0.09380863039399624
 0.1876172607879925
 0.2814258911819887
 1.031894934333959
 0.2814258911819887
 0.09380863039399624
 0.1876172607879925
 0.09380863039399624
 0.09380863039399624
 0.09380863039399624
 0.09380863039399624
 0.09380863039399624
 0.09380863039399624
 0.09380863039399624
 0.09380863039399624
 0.2814258911819887
 0.09380863039399624
 0.09380863039399624
 0.09380863039399624
 0.1876172607879925
 0.09380863039399624
 0.09380863039399624
 0.09380863039399624
 0.1876172607879925
 0.1876172607879925
 0.09380863039399624
 0.1876172607879925
 0.09380863039399624
 0.09380863039399624
 0.1876172607879925
 0.09380863039399624
 0.09380863039399624
 0.09380863039399624
 0.09380863039399624
 0.09380863039399624
 0.09380863039399624
 0.1876172607879925
 0.1876172607879925
 0.2814258911819887
 0.5628517823639775
 0.1876172607879925
 0.2814258911819887
 0.1876172607879925
 0.09380863039399624
 0.09380863039399624
 0.1876172607879925
 0.09380863039399624
 0.09380863039399624
 0.1876172607879925
 0.1876172607879925
 0.09380863039399624
 0.1876172607879925
 0.09380863039399624
 0.1876172607879925
 0.09380863039399624
 0.1876172607879925
 0.1876172607879925
 0.4690431519699813
 0.09380863039399624
 0.09380863039399624
 0.6566604127579738


