 0.09765625
 0.09765625
 0.09765625
 0.09765625
 0.09765625
 0.09765625
 0.09765625
 0.09765625
 0.09765625
 0.09765625
 0.09765625
 0.09765625
 0.09765625
 0.09765625
 0.1953125
 0.09765625
 0.09765625
 0.09765625
 0.09765625
 0.09765625
 0.09765625
 0.09765625
 0.09765625
 0.09765625
 0.09765625
 0.09765625
 0.09765625
 0.09765625
 0.09765625
 0.09765625
 0.09765625
 0.09765625
 0.09765625
 0.09765625
 0.09765625
 0.09765625
 0.09765625
 0.09765625
 0.1953125
 0.09765625
 0.09765625
 0.09765625
 0.09765625
 0.87890625
 0.68359375
 0.09765625
 0.09765625
 0.09765625
 0.09765625
 0.29296875
 5.46875
 0.09765625
 0.09765625
 0.09765625
 0.09765625
 0.09765625
 0.09765625
 0.09765625
 0.09765625
 0.09765625
 0.09765625
 0.09765625
 0.09765625
 0.09765625
 0.09765625
 0.09765625
 0.09765625
 0.09765625
 0.09765625
 0.09765625
 0.09765625
 0.09765625
 0.09765625
 0.09765625
 0.09765625
 0.09765625
 0.09765625
 0.09765625
 0.1953125
 0.68359375
 5.078125
 0.09765625
 0.09765625
 0.09765625
 0.09765625
 5.56640625
 60.25390625
 0.09765625
 0.09765625
 0.1953125
 0.09765625
 0.09765625
 0.09765625
 0.09765625
 0.09765625
 0.09765625
 0.09765625
 0.09765625
 0.09765625
 0.09765625
 0.09765625
 0.09765625
 0.09765625
 0.09765625
 0.29296875
 0.09765625
 0.09765625
 0.09765625
 0.09765625
 0.09765625
 0.09765625
 0.09765625
 0.09765625
 0.09765625
 0.09765625
 0.09765625
 0.09765625
 0.09765625
 0.09765625
 0.09765625
 0.09765625
 0.09765625
 0.09765625
 0.09765625
 0.09765625
 0.09765625
 0.09765625
 0.09765625
 0.09765625
 0.09765625
 0.09765625
 0.09765625
 0.09765625
 0.09765625
 0.09765625
 0.09765625
 0.09765625
 0.09765625
 0.09765625
 0.09765625
 0.09765625
 0.09765625
 0.09765625
 0.09765625
 0.09765625
 0.09765625
 0.09765625
 0.09765625
 0.09765625
 0.09765625
 0.09765625
 0.09765625
 0.09765625
 0.09765625
 0.09765625
 0.09765625
 0.09765625
 0.09765625
 0.09765625
 0.09765625
 0.09765625
 0.09765625
 0.09765625
 0.09765625
 0.09765625
 0.09765625
 0.09765625
 0.09765625
 0.09765625
 0.09765625
 0.09765625
 0.09765625
 0.09765625
 0.09765625
 0.09765625
 0.09765625
 0.09765625
 0.09765625
 0.09765625
 0.09765625
 0.09765625
 0.09765625
 0.09765625
 0.09765625
 0.09765625
 0.09765625
 0.09765625
 0.09765625
 0.09765625
 0.09765625
 0.09765625
 0.09765625
 0.09765625
 0.09765625
 0.1953125
 0.09765625
 0.09765625
 0.1953125
 0.09765625
 0.09765625
 0.09765625
 0.09765625
 0.09765625
 0.09765625
 0.09765625
 0.09765625
 0.09765625
 0.09765625
 0.09765625
 0.09765625
 0.09765625
 0.09765625
 0.09765625
 0.09765625
 0.09765625
 0.09765625


