 0.09354536950420954
 0.1870907390084191
 0.09354536950420954
 0.09354536950420954
 0.09354536950420954
 0.09354536950420954
 0.09354536950420954
 0.09354536950420954
 0.2806361085126286
 0.1870907390084191
 0.09354536950420954
 0.1870907390084191
 0.1870907390084191
 0.09354536950420954
 0.3741814780168382
 0.3741814780168382
 0.09354536950420954
 0.09354536950420954
 0.09354536950420954
 0.09354536950420954
 0.09354536950420954
 0.1870907390084191
 0.09354536950420954
 0.09354536950420954
 0.09354536950420954
 0.09354536950420954
 0.09354536950420954
 0.09354536950420954
 0.09354536950420954
 0.09354536950420954
 0.09354536950420954
 0.09354536950420954
 0.09354536950420954
 0.09354536950420954
 0.09354536950420954
 0.09354536950420954
 0.09354536950420954
 0.1870907390084191
 0.3741814780168382
 0.09354536950420954
 0.09354536950420954
 0.09354536950420954
 0.1870907390084191
 0.3741814780168382
 0.2806361085126286
 0.6548175865294669
 0.2806361085126286
 0.09354536950420954
 0.1870907390084191
 0.6548175865294669
 2.712815715622077
 0.841908325537886
 0.09354536950420954
 0.09354536950420954
 0.1870907390084191
 0.3741814780168382
 1.496725912067353
 0.4677268475210477
 0.2806361085126286
 0.09354536950420954
 0.09354536950420954
 0.1870907390084191
 0.1870907390084191
 0.2806361085126286
 0.1870907390084191
 0.09354536950420954
 0.09354536950420954
 0.09354536950420954
 0.1870907390084191
 0.09354536950420954
 0.09354536950420954
 0.1870907390084191
 0.1870907390084191
 0.09354536950420954
 0.2806361085126286
 0.09354536950420954
 0.09354536950420954
 0.09354536950420954
 0.2806361085126286
 0.7483629560336763
 2.619270346117867
 1.309635173058934
 0.1870907390084191
 0.1870907390084191
 0.09354536950420954
 2.432179607109448
 22.82507015902713
 6.641721234798878
 0.7483629560336763
 0.2806361085126286
 0.1870907390084191
 1.028999064546305
 6.641721234798878
 2.712815715622077
 0.1870907390084191
 0.09354536950420954
 0.09354536950420954
 0.1870907390084191
 0.6548175865294669
 0.09354536950420954
 0.1870907390084191
 0.09354536950420954
 0.09354536950420954
 0.1870907390084191
 0.2806361085126286
 0.1870907390084191
 0.2806361085126286
 0.1870907390084191
 0.09354536950420954
 0.2806361085126286
 0.1870907390084191
 0.1870907390084191
 0.09354536950420954
 0.09354536950420954
 0.09354536950420954
 0.3741814780168382
 1.028999064546305
 0.3741814780168382
 0.1870907390084191
 0.09354536950420954
 0.1870907390084191
 1.590271281571562
 6.548175865294668
 2.525724976613658
 0.09354536950420954
 0.3741814780168382
 0.1870907390084191
 0.4677268475210477
 2.525724976613658
 0.6548175865294669
 0.1870907390084191
 0.1870907390084191
 0.09354536950420954
 0.2806361085126286
 0.2806361085126286
 0.2806361085126286
 0.09354536950420954
 0.09354536950420954
 0.09354536950420954
 0.1870907390084191
 0.09354536950420954
 0.09354536950420954
 0.09354536950420954
 0.09354536950420954
 0.09354536950420954
 0.09354536950420954
 0.1870907390084191
 0.09354536950420954
 0.09354536950420954
 0.09354536950420954
 0.1870907390084191
 0.1870907390084191
 0.2806361085126286
 0.1870907390084191
 0.09354536950420954
 0.09354536950420954
 0.09354536950420954
 0.3741814780168382
 0.4677268475210477
 0.1870907390084191
 0.09354536950420954
 0.2806361085126286
 0.09354536950420954
 0.09354536950420954
 0.3741814780168382
 0.09354536950420954
 0.1870907390084191
 0.09354536950420954
 0.09354536950420954
 0.1870907390084191
 0.09354536950420954
 0.09354536950420954
 0.09354536950420954
 0.1870907390084191
 0.09354536950420954
 0.09354536950420954
 0.1870907390084191
 0.09354536950420954
 0.09354536950420954
 0.1870907390084191
 0.09354536950420954
 0.09354536950420954
 0.09354536950420954
 0.09354536950420954
 0.09354536950420954
 0.09354536950420954
 0.09354536950420954
 0.09354536950420954
 0.09354536950420954
 0.1870907390084191
 0.1870907390084191
 0.09354536950420954
 0.09354536950420954
 0.1870907390084191
 0.1870907390084191
 0.1870907390084191
 0.1870907390084191
 0.09354536950420954
 0.1870907390084191
 0.09354536950420954
 0.1870907390084191
 0.09354536950420954
 0.1870907390084191
 0.09354536950420954
 0.1870907390084191
 0.09354536950420954
 0.1870907390084191
 0.09354536950420954
 0.09354536950420954
 0.1870907390084191
 0.09354536950420954
 0.09354536950420954
 0.09354536950420954
 0.2806361085126286
 0.1870907390084191
 0.09354536950420954


