 0.2819548872180451
 0.4699248120300752
 0.09398496240601503
 0.09398496240601503
 0.2819548872180451
 0.09398496240601503
 0.2819548872180451
 0.1879699248120301
 0.7518796992481203
 0.1879699248120301
 0.2819548872180451
 0.09398496240601503
 0.09398496240601503
 0.1879699248120301
 0.7518796992481203
 0.1879699248120301
 0.1879699248120301
 0.09398496240601503
 0.1879699248120301
 0.3759398496240601
 0.2819548872180451
 0.09398496240601503
 0.09398496240601503
 0.09398496240601503
 0.1879699248120301
 0.1879699248120301
 0.1879699248120301
 0.09398496240601503
 0.1879699248120301
 0.09398496240601503
 0.09398496240601503
 0.09398496240601503
 0.09398496240601503
 0.09398496240601503
 0.09398496240601503
 0.09398496240601503
 0.09398496240601503
 0.4699248120300752
 0.4699248120300752
 0.4699248120300752
 0.1879699248120301
 0.09398496240601503
 0.5639097744360901
 0.9398496240601504
 2.255639097744361
 0.1879699248120301
 0.2819548872180451
 0.09398496240601503
 0.3759398496240601
 2.443609022556391
 6.390977443609022
 1.409774436090226
 0.09398496240601503
 0.09398496240601503
 0.09398496240601503
 0.1879699248120301
 0.4699248120300752
 0.2819548872180451
 0.3759398496240601
 0.09398496240601503
 0.1879699248120301
 0.4699248120300752
 0.1879699248120301
 0.09398496240601503
 0.1879699248120301
 0.09398496240601503
 0.09398496240601503
 0.09398496240601503
 0.09398496240601503
 0.09398496240601503
 0.09398496240601503
 0.09398496240601503
 0.3759398496240601
 0.5639097744360901
 0.3759398496240601
 0.1879699248120301
 0.09398496240601503
 0.09398496240601503
 0.3759398496240601
 1.973684210526316
 6.015037593984962
 0.7518796992481203
 0.1879699248120301
 0.09398496240601503
 0.7518796992481203
 5.169172932330826
 21.99248120300752
 3.665413533834586
 0.5639097744360901
 0.1879699248120301
 0.1879699248120301
 1.691729323308271
 3.195488721804511
 0.6578947368421052
 0.09398496240601503
 0.09398496240601503
 0.09398496240601503
 0.2819548872180451
 0.4699248120300752
 0.09398496240601503
 0.2819548872180451
 0.09398496240601503
 0.09398496240601503
 0.09398496240601503
 0.1879699248120301
 0.09398496240601503
 0.09398496240601503
 0.09398496240601503
 0.09398496240601503
 0.09398496240601503
 0.2819548872180451
 0.09398496240601503
 0.09398496240601503
 0.09398496240601503
 0.1879699248120301
 0.6578947368421052
 1.221804511278195
 0.09398496240601503
 0.2819548872180451
 0.09398496240601503
 0.2819548872180451
 1.31578947368421
 2.725563909774436
 0.1879699248120301
 0.1879699248120301
 0.09398496240601503
 0.09398496240601503
 0.09398496240601503
 0.6578947368421052
 0.1879699248120301
 0.2819548872180451
 0.09398496240601503
 0.09398496240601503
 0.2819548872180451
 0.1879699248120301
 0.09398496240601503
 0.2819548872180451
 0.09398496240601503
 0.09398496240601503
 0.09398496240601503
 0.09398496240601503
 0.09398496240601503
 0.09398496240601503
 0.09398496240601503
 0.3759398496240601
 0.09398496240601503
 0.1879699248120301
 0.1879699248120301
 0.1879699248120301
 0.09398496240601503
 0.1879699248120301
 0.4699248120300752
 0.4699248120300752
 0.1879699248120301
 0.09398496240601503
 0.09398496240601503
 0.09398496240601503
 0.1879699248120301
 0.3759398496240601
 0.3759398496240601
 0.1879699248120301
 0.09398496240601503
 0.09398496240601503
 0.09398496240601503
 0.09398496240601503
 0.09398496240601503
 0.09398496240601503
 0.09398496240601503
 0.4699248120300752
 0.1879699248120301
 0.1879699248120301
 0.09398496240601503
 0.5639097744360901
 0.09398496240601503
 0.09398496240601503
 0.09398496240601503
 0.09398496240601503
 0.09398496240601503
 0.09398496240601503
 0.09398496240601503
 0.09398496240601503
 0.09398496240601503
 0.09398496240601503
 0.09398496240601503
 0.09398496240601503
 0.09398496240601503
 0.09398496240601503
 0.09398496240601503
 0.09398496240601503
 0.09398496240601503
 0.09398496240601503
 0.09398496240601503
 0.09398496240601503
 0.09398496240601503
 0.1879699248120301
 0.09398496240601503
 0.09398496240601503
 0.09398496240601503
 0.09398496240601503
 0.09398496240601503
 0.09398496240601503
 0.09398496240601503
 0.09398496240601503
 0.09398496240601503
 0.09398496240601503
 0.09398496240601503
 0.09398496240601503
 0.09398496240601503
 0.09398496240601503
 0.09398496240601503
 0.09398496240601503
 0.09398496240601503
 0.09398496240601503
 0.09398496240601503
 0.09398496240601503
 0.09398496240601503


