 0.08547008547008547
 0.08547008547008547
 0.1709401709401709
 0.08547008547008547
 0.08547008547008547
 0.08547008547008547
 0.2564102564102564
 0.08547008547008547
 0.1709401709401709
 0.1709401709401709
 0.1709401709401709
 0.08547008547008547
 0.1709401709401709
 0.08547008547008547
 0.3418803418803419
 0.1709401709401709
 0.1709401709401709
 0.08547008547008547
 0.1709401709401709
 0.08547008547008547
 0.1709401709401709
 0.2564102564102564
 0.08547008547008547
 0.08547008547008547
 0.08547008547008547
 0.08547008547008547
 0.08547008547008547
 0.08547008547008547
 0.08547008547008547
 0.08547008547008547
 0.08547008547008547
 0.08547008547008547
 0.1709401709401709
 0.08547008547008547
 0.08547008547008547
 0.08547008547008547
 0.08547008547008547
 0.1709401709401709
 0.2564102564102564
 0.08547008547008547
 0.08547008547008547
 0.08547008547008547
 0.08547008547008547
 0.08547008547008547
 0.1709401709401709
 0.08547008547008547
 0.08547008547008547
 0.08547008547008547
 0.1709401709401709
 0.1709401709401709
 1.282051282051282
 0.8547008547008548
 0.08547008547008547
 0.3418803418803419
 0.1709401709401709
 0.1709401709401709
 0.5982905982905984
 0.3418803418803419
 0.1709401709401709
 0.3418803418803419
 0.08547008547008547
 0.08547008547008547
 0.08547008547008547
 0.2564102564102564
 0.08547008547008547
 0.1709401709401709
 0.08547008547008547
 0.08547008547008547
 0.1709401709401709
 0.08547008547008547
 0.08547008547008547
 0.08547008547008547
 0.08547008547008547
 0.2564102564102564
 0.3418803418803419
 0.2564102564102564
 0.08547008547008547
 0.1709401709401709
 0.08547008547008547
 0.1709401709401709
 1.70940170940171
 0.7692307692307693
 0.1709401709401709
 0.1709401709401709
 0.3418803418803419
 1.70940170940171
 27.17948717948718
 8.717948717948717
 0.2564102564102564
 0.1709401709401709
 0.08547008547008547
 0.7692307692307693
 9.487179487179487
 2.564102564102564
 0.08547008547008547
 0.08547008547008547
 0.08547008547008547
 0.08547008547008547
 0.5128205128205128
 0.1709401709401709
 0.2564102564102564
 0.08547008547008547
 0.2564102564102564
 0.08547008547008547
 0.2564102564102564
 0.1709401709401709
 0.08547008547008547
 0.08547008547008547
 0.08547008547008547
 0.1709401709401709
 0.08547008547008547
 0.1709401709401709
 0.08547008547008547
 0.08547008547008547
 0.08547008547008547
 0.08547008547008547
 0.5982905982905984
 0.3418803418803419
 0.1709401709401709
 0.08547008547008547
 0.3418803418803419
 0.6837606837606838
 9.145299145299145
 2.991452991452991
 0.3418803418803419
 0.1709401709401709
 0.08547008547008547
 0.1709401709401709
 2.905982905982906
 0.6837606837606838
 0.1709401709401709
 0.08547008547008547
 0.08547008547008547
 0.2564102564102564
 0.08547008547008547
 0.1709401709401709
 0.08547008547008547
 0.08547008547008547
 0.08547008547008547
 0.08547008547008547
 0.1709401709401709
 0.08547008547008547
 0.1709401709401709
 0.1709401709401709
 0.08547008547008547
 0.08547008547008547
 0.08547008547008547
 0.1709401709401709
 0.08547008547008547
 0.08547008547008547
 0.1709401709401709
 0.08547008547008547
 0.1709401709401709
 0.3418803418803419
 0.08547008547008547
 0.08547008547008547
 0.08547008547008547
 0.2564102564102564
 0.3418803418803419
 0.08547008547008547
 0.1709401709401709
 0.08547008547008547
 0.08547008547008547
 0.08547008547008547
 0.3418803418803419
 0.1709401709401709
 0.08547008547008547
 0.08547008547008547
 0.08547008547008547
 0.1709401709401709
 0.1709401709401709
 0.08547008547008547
 0.08547008547008547
 0.08547008547008547
 0.08547008547008547
 0.08547008547008547
 0.08547008547008547
 0.08547008547008547
 0.1709401709401709
 0.08547008547008547
 0.1709401709401709
 0.1709401709401709
 0.08547008547008547
 0.08547008547008547
 0.08547008547008547
 0.08547008547008547
 0.08547008547008547
 0.08547008547008547
 0.08547008547008547
 0.08547008547008547
 0.08547008547008547
 0.08547008547008547
 0.08547008547008547
 0.1709401709401709
 0.1709401709401709
 0.2564102564102564
 0.1709401709401709
 0.08547008547008547
 0.08547008547008547
 0.08547008547008547
 0.08547008547008547
 0.08547008547008547
 0.1709401709401709
 0.08547008547008547
 0.1709401709401709
 0.2564102564102564
 0.08547008547008547
 0.08547008547008547
 0.08547008547008547
 0.08547008547008547
 0.08547008547008547
 0.08547008547008547
 0.08547008547008547
 0.08547008547008547
 0.1709401709401709
 0.08547008547008547


