 0.5132591958939264
 0.08554319931565441
 0.2566295979469632
 0.1710863986313088
 0.1710863986313088
 0.08554319931565441
 0.08554319931565441
 0.08554319931565441
 0.08554319931565441
 0.1710863986313088
 0.08554319931565441
 0.08554319931565441
 0.1710863986313088
 0.08554319931565441
 0.1710863986313088
 0.08554319931565441
 0.08554319931565441
 0.1710863986313088
 0.08554319931565441
 0.08554319931565441
 0.1710863986313088
 0.1710863986313088
 0.2566295979469632
 0.08554319931565441
 0.08554319931565441
 0.08554319931565441
 0.1710863986313088
 0.08554319931565441
 0.08554319931565441
 0.08554319931565441
 0.08554319931565441
 0.08554319931565441
 0.08554319931565441
 0.08554319931565441
 0.08554319931565441
 0.08554319931565441
 0.1710863986313088
 0.08554319931565441
 0.08554319931565441
 0.2566295979469632
 0.08554319931565441
 0.08554319931565441
 0.08554319931565441
 0.1710863986313088
 0.08554319931565441
 0.2566295979469632
 0.08554319931565441
 0.08554319931565441
 0.1710863986313088
 0.08554319931565441
 1.454234388366125
 0.8554319931565441
 0.1710863986313088
 0.08554319931565441
 0.08554319931565441
 0.1710863986313088
 0.5988023952095809
 0.2566295979469632
 0.1710863986313088
 0.2566295979469632
 0.08554319931565441
 0.1710863986313088
 0.1710863986313088
 0.1710863986313088
 0.08554319931565441
 0.1710863986313088
 0.08554319931565441
 0.2566295979469632
 0.08554319931565441
 0.08554319931565441
 0.08554319931565441
 0.08554319931565441
 0.1710863986313088
 0.1710863986313088
 0.1710863986313088
 0.1710863986313088
 0.08554319931565441
 0.08554319931565441
 0.1710863986313088
 0.1710863986313088
 1.967493584260051
 0.6843455945252352
 0.1710863986313088
 0.1710863986313088
 0.2566295979469632
 1.881950384944397
 31.30881094952952
 7.613344739093241
 0.5132591958939264
 0.2566295979469632
 0.08554319931565441
 0.5988023952095809
 8.639863130881094
 1.710863986313088
 0.2566295979469632
 0.2566295979469632
 0.1710863986313088
 0.08554319931565441
 0.6843455945252352
 0.3421727972626176
 0.1710863986313088
 0.08554319931565441
 0.08554319931565441
 0.08554319931565441
 0.2566295979469632
 0.1710863986313088
 0.08554319931565441
 0.08554319931565441
 0.08554319931565441
 0.08554319931565441
 0.08554319931565441
 0.08554319931565441
 0.08554319931565441
 0.08554319931565441
 0.1710863986313088
 0.08554319931565441
 0.427715996578272
 0.2566295979469632
 0.1710863986313088
 0.1710863986313088
 0.08554319931565441
 0.6843455945252352
 8.041060735671515
 2.480752780153978
 0.427715996578272
 0.08554319931565441
 0.08554319931565441
 0.1710863986313088
 1.796407185628742
 0.5132591958939264
 0.2566295979469632
 0.08554319931565441
 0.08554319931565441
 0.1710863986313088
 0.5132591958939264
 0.1710863986313088
 0.08554319931565441
 0.08554319931565441
 0.08554319931565441
 0.08554319931565441
 0.2566295979469632
 0.1710863986313088
 0.1710863986313088
 0.08554319931565441
 0.1710863986313088
 0.08554319931565441
 0.08554319931565441
 0.08554319931565441
 0.08554319931565441
 0.08554319931565441
 0.08554319931565441
 0.1710863986313088
 0.1710863986313088
 0.08554319931565441
 0.1710863986313088
 0.08554319931565441
 0.08554319931565441
 0.3421727972626176
 0.5988023952095809
 0.427715996578272
 0.2566295979469632
 0.08554319931565441
 0.08554319931565441
 0.08554319931565441
 0.427715996578272
 0.1710863986313088
 0.08554319931565441
 0.08554319931565441
 0.08554319931565441
 0.08554319931565441
 0.1710863986313088
 0.08554319931565441
 0.08554319931565441
 0.08554319931565441
 0.08554319931565441
 0.08554319931565441
 0.08554319931565441
 0.08554319931565441
 0.08554319931565441
 0.2566295979469632
 0.1710863986313088
 0.08554319931565441
 0.08554319931565441
 0.08554319931565441
 0.08554319931565441
 0.08554319931565441
 0.1710863986313088
 0.08554319931565441
 0.08554319931565441
 0.08554319931565441
 0.1710863986313088
 0.08554319931565441
 0.08554319931565441
 0.2566295979469632
 0.2566295979469632
 0.08554319931565441
 0.08554319931565441
 0.08554319931565441
 0.08554319931565441
 0.1710863986313088
 0.1710863986313088
 0.08554319931565441
 0.08554319931565441
 0.08554319931565441
 0.08554319931565441
 0.1710863986313088
 0.08554319931565441
 0.08554319931565441
 0.08554319931565441
 0.1710863986313088
 0.1710863986313088
 0.08554319931565441
 0.08554319931565441
 0.08554319931565441
 0.1710863986313088
 0.08554319931565441


