 0.0859106529209622
 0.0859106529209622
 0.0859106529209622
 0.1718213058419244
 0.0859106529209622
 0.0859106529209622
 0.0859106529209622
 0.0859106529209622
 0.0859106529209622
 0.0859106529209622
 0.0859106529209622
 0.0859106529209622
 0.0859106529209622
 0.0859106529209622
 0.3436426116838488
 0.2577319587628866
 0.0859106529209622
 0.0859106529209622
 0.0859106529209622
 0.0859106529209622
 0.1718213058419244
 0.1718213058419244
 0.0859106529209622
 0.0859106529209622
 0.0859106529209622
 0.0859106529209622
 0.0859106529209622
 0.0859106529209622
 0.0859106529209622
 0.0859106529209622
 0.0859106529209622
 0.0859106529209622
 0.0859106529209622
 0.0859106529209622
 0.0859106529209622
 0.0859106529209622
 0.0859106529209622
 0.0859106529209622
 0.0859106529209622
 0.0859106529209622
 0.0859106529209622
 0.0859106529209622
 0.0859106529209622
 0.0859106529209622
 0.2577319587628866
 0.1718213058419244
 0.0859106529209622
 0.1718213058419244
 0.1718213058419244
 0.2577319587628866
 1.54639175257732
 0.7731958762886598
 0.0859106529209622
 0.0859106529209622
 0.0859106529209622
 0.2577319587628866
 1.030927835051546
 0.429553264604811
 0.1718213058419244
 0.0859106529209622
 0.0859106529209622
 0.0859106529209622
 0.0859106529209622
 0.0859106529209622
 0.0859106529209622
 0.0859106529209622
 0.0859106529209622
 0.1718213058419244
 0.0859106529209622
 0.0859106529209622
 0.0859106529209622
 0.0859106529209622
 0.0859106529209622
 0.0859106529209622
 0.2577319587628866
 0.1718213058419244
 0.0859106529209622
 0.0859106529209622
 0.0859106529209622
 0.0859106529209622
 1.718213058419244
 1.116838487972509
 0.0859106529209622
 0.0859106529209622
 0.2577319587628866
 1.374570446735395
 30.06872852233677
 8.848797250859107
 0.3436426116838488
 0.1718213058419244
 0.1718213058419244
 0.5154639175257731
 9.020618556701031
 3.006872852233677
 0.2577319587628866
 0.0859106529209622
 0.1718213058419244
 0.2577319587628866
 0.5154639175257731
 0.0859106529209622
 0.0859106529209622
 0.0859106529209622
 0.0859106529209622
 0.0859106529209622
 0.1718213058419244
 0.0859106529209622
 0.0859106529209622
 0.0859106529209622
 0.1718213058419244
 0.0859106529209622
 0.1718213058419244
 0.0859106529209622
 0.0859106529209622
 0.0859106529209622
 0.0859106529209622
 0.2577319587628866
 0.6013745704467355
 0.429553264604811
 0.0859106529209622
 0.0859106529209622
 0.0859106529209622
 1.030927835051546
 8.762886597938143
 2.920962199312715
 0.5154639175257731
 0.0859106529209622
 0.0859106529209622
 0.5154639175257731
 2.920962199312715
 0.6872852233676976
 0.0859106529209622
 0.1718213058419244
 0.1718213058419244
 0.1718213058419244
 0.1718213058419244
 0.0859106529209622
 0.0859106529209622
 0.0859106529209622
 0.0859106529209622
 0.0859106529209622
 0.0859106529209622
 0.1718213058419244
 0.0859106529209622
 0.0859106529209622
 0.0859106529209622
 0.0859106529209622
 0.2577319587628866
 0.0859106529209622
 0.0859106529209622
 0.0859106529209622
 0.0859106529209622
 0.2577319587628866
 0.0859106529209622
 0.1718213058419244
 0.0859106529209622
 0.0859106529209622
 0.0859106529209622
 0.2577319587628866
 0.3436426116838488
 0.1718213058419244
 0.0859106529209622
 0.0859106529209622
 0.0859106529209622
 0.0859106529209622
 0.0859106529209622
 0.0859106529209622
 0.0859106529209622
 0.0859106529209622
 0.0859106529209622
 0.0859106529209622
 0.0859106529209622
 0.0859106529209622
 0.0859106529209622
 0.0859106529209622
 0.0859106529209622
 0.0859106529209622
 0.0859106529209622
 0.0859106529209622
 0.0859106529209622
 0.0859106529209622
 0.0859106529209622
 0.0859106529209622
 0.0859106529209622
 0.0859106529209622
 0.0859106529209622
 0.0859106529209622
 0.0859106529209622
 0.0859106529209622
 0.1718213058419244
 0.0859106529209622
 0.0859106529209622
 0.0859106529209622
 0.0859106529209622
 0.1718213058419244
 0.0859106529209622
 0.0859106529209622
 0.0859106529209622
 0.0859106529209622
 0.1718213058419244
 0.0859106529209622
 0.0859106529209622
 0.0859106529209622
 0.0859106529209622
 0.0859106529209622
 0.0859106529209622
 0.0859106529209622
 0.0859106529209622
 0.0859106529209622
 0.0859106529209622
 0.0859106529209622
 0.0859106529209622
 0.0859106529209622
 0.0859106529209622
 0.0859106529209622
 0.0859106529209622
 0.0859106529209622


