 1.123595505617978
 0.2808988764044944
 0.09363295880149813
 0.09363295880149813
 0.2808988764044944
 0.09363295880149813
 0.09363295880149813
 0.1872659176029963
 0.1872659176029963
 0.09363295880149813
 0.09363295880149813
 0.1872659176029963
 0.09363295880149813
 0.1872659176029963
 0.1872659176029963
 0.3745318352059925
 0.09363295880149813
 0.09363295880149813
 0.09363295880149813
 0.1872659176029963
 0.2808988764044944
 0.1872659176029963
 0.09363295880149813
 0.09363295880149813
 0.09363295880149813
 0.09363295880149813
 0.1872659176029963
 0.09363295880149813
 0.1872659176029963
 0.09363295880149813
 0.09363295880149813
 0.09363295880149813
 0.09363295880149813
 0.1872659176029963
 0.09363295880149813
 0.09363295880149813
 0.1872659176029963
 0.09363295880149813
 0.1872659176029963
 0.09363295880149813
 0.09363295880149813
 0.1872659176029963
 0.09363295880149813
 0.2808988764044944
 0.5617977528089888
 0.1872659176029963
 0.2808988764044944
 0.1872659176029963
 0.1872659176029963
 0.6554307116104869
 1.310861423220974
 1.123595505617978
 0.2808988764044944
 0.09363295880149813
 0.09363295880149813
 0.1872659176029963
 0.9363295880149813
 0.6554307116104869
 0.09363295880149813
 0.09363295880149813
 0.09363295880149813
 0.09363295880149813
 0.1872659176029963
 0.1872659176029963
 0.1872659176029963
 0.1872659176029963
 0.09363295880149813
 0.1872659176029963
 0.1872659176029963
 0.2808988764044944
 0.1872659176029963
 0.1872659176029963
 0.2808988764044944
 0.1872659176029963
 0.3745318352059925
 0.1872659176029963
 0.09363295880149813
 0.09363295880149813
 0.1872659176029963
 0.7490636704119851
 1.779026217228464
 0.6554307116104869
 0.2808988764044944
 0.09363295880149813
 0.6554307116104869
 1.685393258426966
 28.93258426966292
 5.52434456928839
 0.4681647940074907
 0.4681647940074907
 0.1872659176029963
 1.217228464419476
 5.337078651685393
 1.779026217228464
 0.09363295880149813
 0.2808988764044944
 0.09363295880149813
 0.09363295880149813
 0.6554307116104869
 0.2808988764044944
 0.1872659176029963
 0.1872659176029963
 0.09363295880149813
 0.1872659176029963
 0.1872659176029963
 0.3745318352059925
 0.1872659176029963
 0.09363295880149813
 0.09363295880149813
 0.09363295880149813
 0.09363295880149813
 0.2808988764044944
 0.09363295880149813
 0.09363295880149813
 0.1872659176029963
 0.09363295880149813
 0.9363295880149813
 0.9363295880149813
 0.09363295880149813
 0.1872659176029963
 0.09363295880149813
 0.8426966292134831
 6.179775280898876
 1.49812734082397
 0.09363295880149813
 0.2808988764044944
 0.09363295880149813
 0.6554307116104869
 1.966292134831461
 0.9363295880149813
 0.1872659176029963
 0.09363295880149813
 0.09363295880149813
 0.1872659176029963
 0.1872659176029963
 0.1872659176029963
 0.09363295880149813
 0.09363295880149813
 0.1872659176029963
 0.09363295880149813
 0.3745318352059925
 0.09363295880149813
 0.09363295880149813
 0.09363295880149813
 0.09363295880149813
 0.09363295880149813
 0.1872659176029963
 0.09363295880149813
 0.09363295880149813
 0.09363295880149813
 0.1872659176029963
 0.09363295880149813
 0.09363295880149813
 0.09363295880149813
 0.09363295880149813
 0.1872659176029963
 0.09363295880149813
 0.09363295880149813
 0.7490636704119851
 0.1872659176029963
 0.3745318352059925
 0.09363295880149813
 0.09363295880149813
 0.09363295880149813
 0.2808988764044944
 0.1872659176029963
 0.1872659176029963
 0.09363295880149813
 0.09363295880149813
 0.09363295880149813
 0.2808988764044944
 0.09363295880149813
 0.09363295880149813
 0.1872659176029963
 0.09363295880149813
 0.09363295880149813
 0.1872659176029963
 0.09363295880149813
 0.09363295880149813
 0.2808988764044944
 0.1872659176029963
 0.09363295880149813
 0.09363295880149813
 0.1872659176029963
 0.09363295880149813
 0.09363295880149813
 0.09363295880149813
 0.1872659176029963
 0.09363295880149813
 0.09363295880149813
 0.09363295880149813
 0.2808988764044944
 0.09363295880149813
 0.2808988764044944
 0.3745318352059925
 0.1872659176029963
 0.1872659176029963
 0.09363295880149813
 0.1872659176029963
 0.09363295880149813
 0.1872659176029963
 0.1872659176029963
 0.1872659176029963
 0.2808988764044944
 0.1872659176029963
 0.1872659176029963
 0.09363295880149813
 0.09363295880149813
 0.09363295880149813
 0.09363295880149813
 0.1872659176029963
 0.1872659176029963
 0.1872659176029963
 0.09363295880149813
 0.09363295880149813
 0.4681647940074907


