 0.5617977528089888
 0.09363295880149813
 0.2808988764044944
 0.3745318352059925
 0.1872659176029963
 0.1872659176029963
 0.09363295880149813
 0.09363295880149813
 0.09363295880149813
 0.2808988764044944
 0.09363295880149813
 0.2808988764044944
 0.1872659176029963
 0.1872659176029963
 0.2808988764044944
 0.1872659176029963
 0.2808988764044944
 0.09363295880149813
 0.09363295880149813
 0.1872659176029963
 0.5617977528089888
 0.2808988764044944
 0.1872659176029963
 0.09363295880149813
 0.09363295880149813
 0.09363295880149813
 0.09363295880149813
 0.09363295880149813
 0.1872659176029963
 0.1872659176029963
 0.09363295880149813
 0.09363295880149813
 0.09363295880149813
 0.09363295880149813
 0.1872659176029963
 0.09363295880149813
 0.1872659176029963
 0.1872659176029963
 0.09363295880149813
 0.09363295880149813
 0.09363295880149813
 0.09363295880149813
 0.1872659176029963
 0.2808988764044944
 0.3745318352059925
 0.1872659176029963
 0.09363295880149813
 0.09363295880149813
 0.3745318352059925
 0.4681647940074907
 1.685393258426966
 1.310861423220974
 0.2808988764044944
 0.09363295880149813
 0.2808988764044944
 0.1872659176029963
 0.6554307116104869
 0.6554307116104869
 0.09363295880149813
 0.1872659176029963
 0.09363295880149813
 0.09363295880149813
 0.2808988764044944
 0.1872659176029963
 0.09363295880149813
 0.09363295880149813
 0.09363295880149813
 0.09363295880149813
 0.1872659176029963
 0.09363295880149813
 0.09363295880149813
 0.2808988764044944
 0.6554307116104869
 0.1872659176029963
 0.2808988764044944
 0.3745318352059925
 0.09363295880149813
 0.09363295880149813
 0.09363295880149813
 0.3745318352059925
 2.715355805243446
 1.029962546816479
 0.3745318352059925
 0.09363295880149813
 0.6554307116104869
 2.621722846441948
 19.19475655430712
 6.086142322097379
 0.7490636704119851
 0.3745318352059925
 0.1872659176029963
 0.5617977528089888
 6.835205992509364
 2.621722846441948
 0.1872659176029963
 0.2808988764044944
 0.1872659176029963
 0.1872659176029963
 0.9363295880149813
 0.2808988764044944
 0.2808988764044944
 0.1872659176029963
 0.09363295880149813
 0.1872659176029963
 0.2808988764044944
 0.3745318352059925
 0.1872659176029963
 0.1872659176029963
 0.09363295880149813
 0.09363295880149813
 0.2808988764044944
 0.2808988764044944
 0.1872659176029963
 0.09363295880149813
 0.1872659176029963
 0.1872659176029963
 0.6554307116104869
 0.2808988764044944
 0.09363295880149813
 0.1872659176029963
 0.2808988764044944
 0.7490636704119851
 7.303370786516854
 2.434456928838951
 0.4681647940074907
 0.4681647940074907
 0.09363295880149813
 0.4681647940074907
 3.089887640449438
 1.217228464419476
 0.1872659176029963
 0.09363295880149813
 0.09363295880149813
 0.09363295880149813
 0.1872659176029963
 0.1872659176029963
 0.1872659176029963
 0.09363295880149813
 0.09363295880149813
 0.09363295880149813
 0.2808988764044944
 0.09363295880149813
 0.09363295880149813
 0.1872659176029963
 0.09363295880149813
 0.1872659176029963
 0.09363295880149813
 0.09363295880149813
 0.09363295880149813
 0.09363295880149813
 0.09363295880149813
 0.1872659176029963
 0.2808988764044944
 0.09363295880149813
 0.09363295880149813
 0.09363295880149813
 0.09363295880149813
 0.3745318352059925
 0.9363295880149813
 0.2808988764044944
 0.1872659176029963
 0.09363295880149813
 0.09363295880149813
 0.09363295880149813
 0.3745318352059925
 0.1872659176029963
 0.09363295880149813
 0.09363295880149813
 0.09363295880149813
 0.1872659176029963
 0.3745318352059925
 0.09363295880149813
 0.09363295880149813
 0.09363295880149813
 0.1872659176029963
 0.09363295880149813
 0.1872659176029963
 0.09363295880149813
 0.09363295880149813
 0.1872659176029963
 0.09363295880149813
 0.1872659176029963
 0.1872659176029963
 0.1872659176029963
 0.09363295880149813
 0.09363295880149813
 0.09363295880149813
 0.09363295880149813
 0.09363295880149813
 0.1872659176029963
 0.09363295880149813
 0.09363295880149813
 0.09363295880149813
 0.2808988764044944
 0.3745318352059925
 0.2808988764044944
 0.09363295880149813
 0.1872659176029963
 0.2808988764044944
 0.09363295880149813
 0.1872659176029963
 0.1872659176029963
 0.09363295880149813
 0.09363295880149813
 0.09363295880149813
 0.1872659176029963
 0.09363295880149813
 0.09363295880149813
 0.09363295880149813
 0.1872659176029963
 0.2808988764044944
 0.09363295880149813
 0.2808988764044944
 0.1872659176029963
 0.09363295880149813
 0.5617977528089888


