 0.5133470225872689
 0.3080082135523614
 0.2053388090349076
 0.5133470225872689
 0.2053388090349076
 0.1026694045174538
 0.1026694045174538
 0.2053388090349076
 0.1026694045174538
 0.2053388090349076
 0.2053388090349076
 0.2053388090349076
 0.1026694045174538
 0.2053388090349076
 0.5133470225872689
 0.4106776180698152
 0.2053388090349076
 0.2053388090349076
 0.2053388090349076
 0.2053388090349076
 0.6160164271047228
 0.3080082135523614
 0.1026694045174538
 0.2053388090349076
 0.1026694045174538
 0.1026694045174538
 0.1026694045174538
 0.1026694045174538
 0.2053388090349076
 0.1026694045174538
 0.1026694045174538
 0.1026694045174538
 0.2053388090349076
 0.1026694045174538
 0.1026694045174538
 0.1026694045174538
 0.2053388090349076
 0.1026694045174538
 0.2053388090349076
 0.1026694045174538
 0.1026694045174538
 0.1026694045174538
 0.2053388090349076
 0.2053388090349076
 0.7186858316221766
 0.2053388090349076
 0.1026694045174538
 0.1026694045174538
 0.3080082135523614
 0.4106776180698152
 2.053388090349076
 1.026694045174538
 0.3080082135523614
 0.2053388090349076
 0.1026694045174538
 0.3080082135523614
 1.642710472279261
 0.4106776180698152
 0.1026694045174538
 0.1026694045174538
 0.1026694045174538
 0.2053388090349076
 0.3080082135523614
 0.1026694045174538
 0.1026694045174538
 0.1026694045174538
 0.1026694045174538
 0.1026694045174538
 0.3080082135523614
 0.1026694045174538
 0.1026694045174538
 0.1026694045174538
 0.4106776180698152
 0.3080082135523614
 0.3080082135523614
 0.5133470225872689
 0.1026694045174538
 0.1026694045174538
 0.1026694045174538
 0.6160164271047228
 1.950718685831622
 1.642710472279261
 0.1026694045174538
 0.2053388090349076
 0.9240246406570842
 1.950718685831622
 14.37371663244353
 6.46817248459959
 0.8213552361396305
 0.3080082135523614
 0.4106776180698152
 1.232032854209446
 6.46817248459959
 2.874743326488706
 0.2053388090349076
 0.3080082135523614
 0.2053388090349076
 0.3080082135523614
 1.026694045174538
 0.2053388090349076
 0.1026694045174538
 0.2053388090349076
 0.3080082135523614
 0.1026694045174538
 0.6160164271047228
 0.2053388090349076
 0.1026694045174538
 0.4106776180698152
 0.3080082135523614
 0.1026694045174538
 0.4106776180698152
 0.2053388090349076
 0.1026694045174538
 0.1026694045174538
 0.2053388090349076
 0.3080082135523614
 1.026694045174538
 0.4106776180698152
 0.3080082135523614
 0.1026694045174538
 0.2053388090349076
 1.642710472279261
 6.570841889117044
 2.874743326488706
 0.4106776180698152
 0.4106776180698152
 0.2053388090349076
 0.4106776180698152
 2.97741273100616
 1.232032854209446
 0.1026694045174538
 0.1026694045174538
 0.1026694045174538
 0.1026694045174538
 0.3080082135523614
 0.1026694045174538
 0.1026694045174538
 0.1026694045174538
 0.1026694045174538
 0.1026694045174538
 0.2053388090349076
 0.3080082135523614
 0.1026694045174538
 0.1026694045174538
 0.1026694045174538
 0.1026694045174538
 0.2053388090349076
 0.1026694045174538
 0.1026694045174538
 0.1026694045174538
 0.1026694045174538
 0.1026694045174538
 0.4106776180698152
 0.1026694045174538
 0.1026694045174538
 0.1026694045174538
 0.1026694045174538
 0.2053388090349076
 1.129363449691992
 0.4106776180698152
 0.1026694045174538
 0.1026694045174538
 0.1026694045174538
 0.1026694045174538
 0.2053388090349076
 0.1026694045174538
 0.1026694045174538
 0.1026694045174538
 0.1026694045174538
 0.1026694045174538
 0.2053388090349076
 0.1026694045174538
 0.1026694045174538
 0.1026694045174538
 0.1026694045174538
 0.1026694045174538
 0.1026694045174538
 0.1026694045174538
 0.1026694045174538
 0.2053388090349076
 0.3080082135523614
 0.1026694045174538
 0.2053388090349076
 0.2053388090349076
 0.1026694045174538
 0.2053388090349076
 0.1026694045174538
 0.1026694045174538
 0.1026694045174538
 0.1026694045174538
 0.1026694045174538
 0.1026694045174538
 0.1026694045174538
 0.2053388090349076
 0.3080082135523614
 0.3080082135523614
 0.2053388090349076
 0.5133470225872689
 0.2053388090349076
 0.1026694045174538
 0.2053388090349076
 0.1026694045174538
 0.2053388090349076
 0.1026694045174538
 0.1026694045174538
 0.1026694045174538
 0.1026694045174538
 0.1026694045174538
 0.1026694045174538
 0.1026694045174538
 0.4106776180698152
 0.1026694045174538
 0.2053388090349076
 0.1026694045174538
 0.1026694045174538
 0.6160164271047228


