 0.08561643835616438
 0.1712328767123288
 0.08561643835616438
 0.2568493150684931
 0.08561643835616438
 0.08561643835616438
 0.08561643835616438
 0.08561643835616438
 0.5136986301369862
 0.2568493150684931
 0.1712328767123288
 0.08561643835616438
 0.08561643835616438
 0.1712328767123288
 0.3424657534246575
 0.3424657534246575
 0.08561643835616438
 0.08561643835616438
 0.08561643835616438
 0.1712328767123288
 0.4280821917808219
 0.1712328767123288
 0.1712328767123288
 0.08561643835616438
 0.08561643835616438
 0.08561643835616438
 0.08561643835616438
 0.1712328767123288
 0.08561643835616438
 0.1712328767123288
 0.08561643835616438
 0.08561643835616438
 0.08561643835616438
 0.08561643835616438
 0.08561643835616438
 0.08561643835616438
 0.08561643835616438
 0.2568493150684931
 0.1712328767123288
 0.1712328767123288
 0.1712328767123288
 0.08561643835616438
 0.08561643835616438
 0.4280821917808219
 0.4280821917808219
 0.8561643835616438
 0.08561643835616438
 0.1712328767123288
 0.3424657534246575
 0.7705479452054794
 2.825342465753424
 1.198630136986301
 0.4280821917808219
 0.08561643835616438
 0.2568493150684931
 0.5993150684931506
 1.541095890410959
 0.5993150684931506
 0.4280821917808219
 0.1712328767123288
 0.1712328767123288
 0.1712328767123288
 0.1712328767123288
 0.08561643835616438
 0.08561643835616438
 0.1712328767123288
 0.08561643835616438
 0.08561643835616438
 0.3424657534246575
 0.08561643835616438
 0.08561643835616438
 0.1712328767123288
 0.2568493150684931
 0.2568493150684931
 0.4280821917808219
 0.2568493150684931
 0.1712328767123288
 0.08561643835616438
 0.4280821917808219
 0.8561643835616438
 2.654109589041096
 1.626712328767123
 0.1712328767123288
 0.1712328767123288
 0.4280821917808219
 2.73972602739726
 14.12671232876713
 5.907534246575342
 0.684931506849315
 0.2568493150684931
 0.1712328767123288
 1.113013698630137
 6.421232876712329
 2.397260273972603
 0.8561643835616438
 0.1712328767123288
 0.08561643835616438
 0.4280821917808219
 1.027397260273972
 0.4280821917808219
 0.1712328767123288
 0.1712328767123288
 0.08561643835616438
 0.08561643835616438
 0.2568493150684931
 0.2568493150684931
 0.2568493150684931
 0.08561643835616438
 0.1712328767123288
 0.2568493150684931
 0.1712328767123288
 0.1712328767123288
 0.08561643835616438
 0.08561643835616438
 0.08561643835616438
 0.4280821917808219
 1.198630136986301
 0.5136986301369862
 0.2568493150684931
 0.08561643835616438
 0.3424657534246575
 1.626712328767123
 5.222602739726027
 3.167808219178082
 0.684931506849315
 0.3424657534246575
 0.1712328767123288
 0.3424657534246575
 2.482876712328767
 0.7705479452054794
 0.3424657534246575
 0.1712328767123288
 0.08561643835616438
 0.3424657534246575
 1.113013698630137
 0.3424657534246575
 0.08561643835616438
 0.1712328767123288
 0.1712328767123288
 0.1712328767123288
 0.08561643835616438
 0.1712328767123288
 0.08561643835616438
 0.1712328767123288
 0.08561643835616438
 0.1712328767123288
 0.08561643835616438
 0.1712328767123288
 0.08561643835616438
 0.08561643835616438
 0.08561643835616438
 0.1712328767123288
 0.684931506849315
 0.1712328767123288
 0.08561643835616438
 0.1712328767123288
 0.1712328767123288
 0.3424657534246575
 1.541095890410959
 0.3424657534246575
 0.1712328767123288
 0.08561643835616438
 0.1712328767123288
 0.2568493150684931
 0.3424657534246575
 0.1712328767123288
 0.1712328767123288
 0.08561643835616438
 0.08561643835616438
 0.1712328767123288
 0.08561643835616438
 0.08561643835616438
 0.08561643835616438
 0.08561643835616438
 0.08561643835616438
 0.08561643835616438
 0.1712328767123288
 0.08561643835616438
 0.1712328767123288
 0.2568493150684931
 0.08561643835616438
 0.08561643835616438
 0.1712328767123288
 0.08561643835616438
 0.08561643835616438
 0.08561643835616438
 0.1712328767123288
 0.08561643835616438
 0.1712328767123288
 0.1712328767123288
 0.08561643835616438
 0.1712328767123288
 0.08561643835616438
 0.2568493150684931
 0.1712328767123288
 0.1712328767123288
 0.2568493150684931
 0.1712328767123288
 0.08561643835616438
 0.08561643835616438
 0.08561643835616438
 0.1712328767123288
 0.1712328767123288
 0.1712328767123288
 0.1712328767123288
 0.1712328767123288
 0.1712328767123288
 0.08561643835616438
 0.08561643835616438
 0.08561643835616438
 0.08561643835616438
 0.3424657534246575
 0.1712328767123288
 0.08561643835616438
 0.08561643835616438
 0.2568493150684931


