 76.63230240549829
 1.54639175257732
 0.0859106529209622
 0.0859106529209622
 0.0859106529209622
 0.1718213058419244
 1.54639175257732
 0.1718213058419244
 0.0859106529209622
 0.0859106529209622
 0.0859106529209622
 0.0859106529209622
 0.0859106529209622
 0.0859106529209622
 0.0859106529209622
 0.0859106529209622
 0.0859106529209622
 0.0859106529209622
 0.0859106529209622
 0.0859106529209622
 0.0859106529209622
 0.0859106529209622
 0.0859106529209622
 0.0859106529209622
 0.0859106529209622
 0.0859106529209622
 0.0859106529209622
 0.0859106529209622
 0.0859106529209622
 0.0859106529209622
 0.1718213058419244
 0.0859106529209622
 0.0859106529209622
 0.0859106529209622
 0.0859106529209622
 0.0859106529209622
 1.54639175257732
 0.1718213058419244
 0.0859106529209622
 0.0859106529209622
 0.0859106529209622
 0.0859106529209622
 0.1718213058419244
 0.0859106529209622
 0.0859106529209622
 0.0859106529209622
 0.0859106529209622
 0.0859106529209622
 0.0859106529209622
 0.0859106529209622
 0.0859106529209622
 0.0859106529209622
 0.0859106529209622
 0.0859106529209622
 0.0859106529209622
 0.0859106529209622
 0.0859106529209622
 0.0859106529209622
 0.0859106529209622
 0.0859106529209622
 0.0859106529209622
 0.0859106529209622
 0.0859106529209622
 0.0859106529209622
 0.0859106529209622
 0.0859106529209622
 0.0859106529209622
 0.0859106529209622
 0.0859106529209622
 0.0859106529209622
 0.0859106529209622
 0.0859106529209622
 0.0859106529209622
 0.0859106529209622
 0.0859106529209622
 0.0859106529209622
 0.0859106529209622
 0.0859106529209622
 0.0859106529209622
 0.0859106529209622
 0.0859106529209622
 0.0859106529209622
 0.0859106529209622
 0.0859106529209622
 0.0859106529209622
 0.0859106529209622
 0.0859106529209622
 0.0859106529209622
 0.0859106529209622
 0.0859106529209622
 0.0859106529209622
 0.0859106529209622
 0.0859106529209622
 0.0859106529209622
 0.0859106529209622
 0.0859106529209622
 0.0859106529209622
 0.0859106529209622
 0.0859106529209622
 0.0859106529209622
 0.0859106529209622
 0.0859106529209622
 0.0859106529209622
 0.0859106529209622
 0.0859106529209622
 0.0859106529209622
 0.0859106529209622
 0.0859106529209622
 0.0859106529209622
 0.0859106529209622
 0.0859106529209622
 0.0859106529209622
 0.0859106529209622
 0.0859106529209622
 0.0859106529209622
 0.0859106529209622
 0.0859106529209622
 0.0859106529209622
 0.0859106529209622
 0.0859106529209622
 0.0859106529209622
 0.0859106529209622
 0.0859106529209622
 0.0859106529209622
 0.0859106529209622
 0.0859106529209622
 0.0859106529209622
 0.0859106529209622
 0.0859106529209622
 0.0859106529209622
 0.0859106529209622
 0.0859106529209622
 0.0859106529209622
 0.0859106529209622
 0.0859106529209622
 0.0859106529209622
 0.0859106529209622
 0.0859106529209622
 0.0859106529209622
 0.0859106529209622
 0.0859106529209622
 0.0859106529209622
 0.0859106529209622
 0.0859106529209622
 0.0859106529209622
 0.0859106529209622
 0.0859106529209622
 0.0859106529209622
 0.0859106529209622
 0.0859106529209622
 0.0859106529209622
 0.0859106529209622
 0.0859106529209622
 0.0859106529209622
 0.0859106529209622
 0.0859106529209622
 0.0859106529209622
 0.0859106529209622
 0.0859106529209622
 0.0859106529209622
 0.0859106529209622
 0.0859106529209622
 0.0859106529209622
 0.0859106529209622
 0.0859106529209622
 0.0859106529209622
 0.0859106529209622
 0.0859106529209622
 0.0859106529209622
 0.0859106529209622
 0.0859106529209622
 0.0859106529209622
 0.0859106529209622
 0.0859106529209622
 0.0859106529209622
 0.0859106529209622
 0.0859106529209622
 0.0859106529209622
 0.0859106529209622
 0.0859106529209622
 0.1718213058419244
 0.0859106529209622
 0.0859106529209622
 0.0859106529209622
 0.0859106529209622
 0.0859106529209622
 0.0859106529209622
 0.0859106529209622
 0.0859106529209622
 0.0859106529209622
 0.0859106529209622
 0.0859106529209622
 0.0859106529209622
 0.0859106529209622
 0.0859106529209622
 0.0859106529209622
 0.0859106529209622
 0.0859106529209622
 0.0859106529209622
 0.0859106529209622
 0.0859106529209622
 0.0859106529209622
 0.0859106529209622
 0.0859106529209622
 0.0859106529209622
 0.0859106529209622
 0.0859106529209622
 0.0859106529209622
 0.0859106529209622
 0.0859106529209622
 0.0859106529209622
 0.0859106529209622
 0.0859106529209622
 0.0859106529209622
 0.0859106529209622
 0.0859106529209622


