 0.2166847237269772
 0.3250270855904659
 0.1083423618634886
 0.2166847237269772
 0.2166847237269772
 0.1083423618634886
 0.1083423618634886
 0.3250270855904659
 0.1083423618634886
 0.5417118093174431
 0.2166847237269772
 0.1083423618634886
 0.3250270855904659
 0.2166847237269772
 0.4333694474539544
 0.3250270855904659
 0.1083423618634886
 0.1083423618634886
 0.1083423618634886
 0.2166847237269772
 0.4333694474539544
 0.2166847237269772
 0.1083423618634886
 0.1083423618634886
 0.1083423618634886
 0.2166847237269772
 0.1083423618634886
 0.3250270855904659
 0.2166847237269772
 0.1083423618634886
 0.1083423618634886
 0.1083423618634886
 0.1083423618634886
 0.1083423618634886
 0.1083423618634886
 0.1083423618634886
 0.2166847237269772
 0.3250270855904659
 0.3250270855904659
 0.3250270855904659
 0.3250270855904659
 0.1083423618634886
 0.3250270855904659
 0.3250270855904659
 0.4333694474539544
 0.4333694474539544
 0.2166847237269772
 0.1083423618634886
 0.2166847237269772
 0.4333694474539544
 1.733477789815818
 0.8667388949079089
 0.1083423618634886
 0.3250270855904659
 0.1083423618634886
 0.4333694474539544
 0.6500541711809318
 0.8667388949079089
 0.3250270855904659
 0.3250270855904659
 0.1083423618634886
 0.1083423618634886
 0.4333694474539544
 0.1083423618634886
 0.3250270855904659
 0.1083423618634886
 0.1083423618634886
 0.1083423618634886
 0.1083423618634886
 0.2166847237269772
 0.1083423618634886
 0.1083423618634886
 0.4333694474539544
 0.1083423618634886
 0.4333694474539544
 0.1083423618634886
 0.1083423618634886
 0.1083423618634886
 0.5417118093174431
 0.5417118093174431
 1.733477789815818
 0.8667388949079089
 0.3250270855904659
 0.2166847237269772
 0.4333694474539544
 2.275189599133261
 25.24377031419285
 4.7670639219935
 0.4333694474539544
 0.2166847237269772
 0.2166847237269772
 0.9750812567713976
 4.442036836403034
 2.058504875406284
 0.5417118093174431
 0.3250270855904659
 0.2166847237269772
 0.1083423618634886
 0.2166847237269772
 0.3250270855904659
 0.2166847237269772
 0.1083423618634886
 0.1083423618634886
 0.1083423618634886
 0.3250270855904659
 0.3250270855904659
 0.1083423618634886
 0.2166847237269772
 0.1083423618634886
 0.4333694474539544
 0.2166847237269772
 0.2166847237269772
 0.2166847237269772
 0.1083423618634886
 0.4333694474539544
 0.4333694474539544
 0.9750812567713976
 0.6500541711809318
 0.1083423618634886
 0.1083423618634886
 0.1083423618634886
 0.7583965330444203
 4.7670639219935
 2.166847237269772
 0.2166847237269772
 0.2166847237269772
 0.3250270855904659
 0.7583965330444203
 1.950162513542795
 0.4333694474539544
 0.2166847237269772
 0.1083423618634886
 0.1083423618634886
 0.2166847237269772
 0.6500541711809318
 0.2166847237269772
 0.1083423618634886
 0.1083423618634886
 0.1083423618634886
 0.1083423618634886
 0.2166847237269772
 0.3250270855904659
 0.2166847237269772
 0.2166847237269772
 0.1083423618634886
 0.1083423618634886
 0.2166847237269772
 0.2166847237269772
 0.1083423618634886
 0.1083423618634886
 0.1083423618634886
 0.1083423618634886
 0.2166847237269772
 0.1083423618634886
 0.2166847237269772
 0.1083423618634886
 0.1083423618634886
 0.2166847237269772
 0.9750812567713976
 0.3250270855904659
 0.1083423618634886
 0.1083423618634886
 0.1083423618634886
 0.1083423618634886
 0.5417118093174431
 0.1083423618634886
 0.1083423618634886
 0.2166847237269772
 0.1083423618634886
 0.1083423618634886
 0.3250270855904659
 0.1083423618634886
 0.1083423618634886
 0.3250270855904659
 0.1083423618634886
 0.2166847237269772
 0.2166847237269772
 0.1083423618634886
 0.1083423618634886
 0.1083423618634886
 0.1083423618634886
 0.1083423618634886
 0.2166847237269772
 0.1083423618634886
 0.1083423618634886
 0.1083423618634886
 0.1083423618634886
 0.1083423618634886
 0.2166847237269772
 0.1083423618634886
 0.1083423618634886
 0.1083423618634886
 0.1083423618634886
 0.3250270855904659
 0.2166847237269772
 0.1083423618634886
 0.2166847237269772
 0.2166847237269772
 0.4333694474539544
 0.2166847237269772
 0.2166847237269772
 0.1083423618634886
 0.1083423618634886
 0.1083423618634886
 0.2166847237269772
 0.1083423618634886
 0.1083423618634886
 0.1083423618634886
 0.1083423618634886
 0.1083423618634886
 0.2166847237269772
 0.1083423618634886
 0.2166847237269772
 0.1083423618634886
 0.1083423618634886
 0.5417118093174431


