 0.2066115702479339
 0.1033057851239669
 0.3099173553719008
 0.2066115702479339
 0.2066115702479339
 0.1033057851239669
 0.3099173553719008
 0.3099173553719008
 0.4132231404958678
 0.4132231404958678
 0.1033057851239669
 0.1033057851239669
 0.1033057851239669
 0.1033057851239669
 0.7231404958677686
 0.4132231404958678
 0.1033057851239669
 0.3099173553719008
 0.1033057851239669
 0.2066115702479339
 0.2066115702479339
 0.1033057851239669
 0.2066115702479339
 0.3099173553719008
 0.1033057851239669
 0.2066115702479339
 0.1033057851239669
 0.1033057851239669
 0.1033057851239669
 0.1033057851239669
 0.1033057851239669
 0.1033057851239669
 0.1033057851239669
 0.1033057851239669
 0.1033057851239669
 0.2066115702479339
 0.2066115702479339
 0.2066115702479339
 0.2066115702479339
 0.2066115702479339
 0.1033057851239669
 0.1033057851239669
 0.1033057851239669
 0.2066115702479339
 1.03305785123967
 0.7231404958677686
 0.1033057851239669
 0.1033057851239669
 0.2066115702479339
 0.8264462809917356
 2.272727272727273
 2.272727272727273
 0.3099173553719008
 0.2066115702479339
 0.2066115702479339
 0.2066115702479339
 1.03305785123967
 0.7231404958677686
 0.2066115702479339
 0.3099173553719008
 0.2066115702479339
 0.1033057851239669
 0.1033057851239669
 0.2066115702479339
 0.1033057851239669
 0.1033057851239669
 0.1033057851239669
 0.2066115702479339
 0.2066115702479339
 0.1033057851239669
 0.1033057851239669
 0.2066115702479339
 0.3099173553719008
 0.4132231404958678
 0.5165289256198348
 0.3099173553719008
 0.1033057851239669
 0.2066115702479339
 0.2066115702479339
 0.8264462809917356
 2.685950413223141
 0.9297520661157025
 0.3099173553719008
 0.2066115702479339
 1.03305785123967
 2.066115702479339
 14.56611570247934
 5.475206611570248
 0.6198347107438017
 0.2066115702479339
 0.3099173553719008
 1.549586776859504
 6.301652892561983
 2.066115702479339
 0.3099173553719008
 0.1033057851239669
 0.1033057851239669
 0.2066115702479339
 0.8264462809917356
 0.2066115702479339
 0.3099173553719008
 0.1033057851239669
 0.1033057851239669
 0.1033057851239669
 0.5165289256198348
 0.4132231404958678
 0.2066115702479339
 0.3099173553719008
 0.1033057851239669
 0.6198347107438017
 0.2066115702479339
 0.1033057851239669
 0.1033057851239669
 0.1033057851239669
 0.2066115702479339
 0.6198347107438017
 1.34297520661157
 0.4132231404958678
 0.1033057851239669
 0.1033057851239669
 0.1033057851239669
 1.962809917355372
 5.371900826446281
 1.962809917355372
 0.4132231404958678
 0.4132231404958678
 0.3099173553719008
 0.5165289256198348
 2.066115702479339
 0.4132231404958678
 0.2066115702479339
 0.2066115702479339
 0.2066115702479339
 0.2066115702479339
 0.2066115702479339
 0.3099173553719008
 0.1033057851239669
 0.1033057851239669
 0.2066115702479339
 0.1033057851239669
 0.3099173553719008
 0.2066115702479339
 0.3099173553719008
 0.2066115702479339
 0.1033057851239669
 0.2066115702479339
 0.3099173553719008
 0.1033057851239669
 0.1033057851239669
 0.1033057851239669
 0.1033057851239669
 0.2066115702479339
 0.3099173553719008
 0.1033057851239669
 0.1033057851239669
 0.3099173553719008
 0.1033057851239669
 0.1033057851239669
 0.5165289256198348
 0.4132231404958678
 0.1033057851239669
 0.2066115702479339
 0.1033057851239669
 0.1033057851239669
 0.4132231404958678
 0.3099173553719008
 0.1033057851239669
 0.1033057851239669
 0.1033057851239669
 0.1033057851239669
 0.1033057851239669
 0.2066115702479339
 0.1033057851239669
 0.2066115702479339
 0.1033057851239669
 0.2066115702479339
 0.1033057851239669
 0.1033057851239669
 0.1033057851239669
 0.1033057851239669
 0.2066115702479339
 0.1033057851239669
 0.2066115702479339
 0.2066115702479339
 0.1033057851239669
 0.1033057851239669
 0.1033057851239669
 0.1033057851239669
 0.3099173553719008
 0.1033057851239669
 0.1033057851239669
 0.1033057851239669
 0.3099173553719008
 0.1033057851239669
 0.5165289256198348
 0.1033057851239669
 0.2066115702479339
 0.3099173553719008
 0.2066115702479339
 0.2066115702479339
 0.2066115702479339
 0.1033057851239669
 0.1033057851239669
 0.3099173553719008
 0.2066115702479339
 0.3099173553719008
 0.1033057851239669
 0.1033057851239669
 0.1033057851239669
 0.1033057851239669
 0.3099173553719008
 0.1033057851239669
 0.3099173553719008
 0.2066115702479339
 0.1033057851239669
 0.9297520661157025


