 0.4694835680751174
 0.1877934272300469
 0.1877934272300469
 0.1877934272300469
 0.09389671361502347
 0.09389671361502347
 0.09389671361502347
 0.09389671361502347
 0.09389671361502347
 0.2816901408450704
 0.09389671361502347
 0.1877934272300469
 0.09389671361502347
 0.1877934272300469
 0.2816901408450704
 0.2816901408450704
 0.1877934272300469
 0.09389671361502347
 0.09389671361502347
 0.09389671361502347
 0.3755868544600939
 0.2816901408450704
 0.1877934272300469
 0.1877934272300469
 0.09389671361502347
 0.09389671361502347
 0.09389671361502347
 0.09389671361502347
 0.09389671361502347
 0.1877934272300469
 0.09389671361502347
 0.09389671361502347
 0.09389671361502347
 0.09389671361502347
 0.1877934272300469
 0.09389671361502347
 0.09389671361502347
 0.1877934272300469
 0.09389671361502347
 0.1877934272300469
 0.09389671361502347
 0.09389671361502347
 0.09389671361502347
 0.3755868544600939
 0.9389671361502347
 0.2816901408450704
 0.09389671361502347
 0.2816901408450704
 0.09389671361502347
 0.8450704225352111
 2.629107981220657
 0.9389671361502347
 0.1877934272300469
 0.09389671361502347
 0.09389671361502347
 0.2816901408450704
 1.126760563380282
 0.5633802816901409
 0.2816901408450704
 0.1877934272300469
 0.1877934272300469
 0.09389671361502347
 0.1877934272300469
 0.09389671361502347
 0.09389671361502347
 0.09389671361502347
 0.09389671361502347
 0.2816901408450704
 0.2816901408450704
 0.09389671361502347
 0.09389671361502347
 0.09389671361502347
 0.2816901408450704
 0.1877934272300469
 0.2816901408450704
 0.2816901408450704
 0.09389671361502347
 0.1877934272300469
 0.09389671361502347
 0.9389671361502347
 2.347417840375587
 1.314553990610329
 0.2816901408450704
 0.09389671361502347
 0.8450704225352111
 2.629107981220657
 20.18779342723005
 6.009389671361502
 0.7511737089201878
 0.4694835680751174
 0.2816901408450704
 1.032863849765258
 5.070422535211268
 3.286384976525822
 0.2816901408450704
 0.09389671361502347
 0.09389671361502347
 0.5633802816901409
 0.5633802816901409
 0.3755868544600939
 0.1877934272300469
 0.1877934272300469
 0.09389671361502347
 0.09389671361502347
 0.2816901408450704
 0.2816901408450704
 0.09389671361502347
 0.1877934272300469
 0.09389671361502347
 0.09389671361502347
 0.1877934272300469
 0.2816901408450704
 0.09389671361502347
 0.09389671361502347
 0.09389671361502347
 0.2816901408450704
 1.126760563380282
 0.2816901408450704
 0.09389671361502347
 0.09389671361502347
 0.09389671361502347
 1.126760563380282
 6.384976525821597
 2.44131455399061
 0.2816901408450704
 0.1877934272300469
 0.09389671361502347
 0.4694835680751174
 3.474178403755869
 0.6572769953051643
 0.1877934272300469
 0.1877934272300469
 0.09389671361502347
 0.09389671361502347
 0.5633802816901409
 0.1877934272300469
 0.09389671361502347
 0.09389671361502347
 0.09389671361502347
 0.09389671361502347
 0.2816901408450704
 0.09389671361502347
 0.09389671361502347
 0.3755868544600939
 0.09389671361502347
 0.09389671361502347
 0.09389671361502347
 0.1877934272300469
 0.09389671361502347
 0.09389671361502347
 0.09389671361502347
 0.2816901408450704
 0.1877934272300469
 0.2816901408450704
 0.09389671361502347
 0.09389671361502347
 0.09389671361502347
 0.09389671361502347
 1.032863849765258
 0.1877934272300469
 0.1877934272300469
 0.09389671361502347
 0.09389671361502347
 0.09389671361502347
 0.3755868544600939
 0.1877934272300469
 0.09389671361502347
 0.09389671361502347
 0.09389671361502347
 0.09389671361502347
 0.09389671361502347
 0.09389671361502347
 0.09389671361502347
 0.1877934272300469
 0.1877934272300469
 0.09389671361502347
 0.09389671361502347
 0.09389671361502347
 0.09389671361502347
 0.2816901408450704
 0.1877934272300469
 0.09389671361502347
 0.2816901408450704
 0.09389671361502347
 0.1877934272300469
 0.09389671361502347
 0.2816901408450704
 0.09389671361502347
 0.09389671361502347
 0.09389671361502347
 0.09389671361502347
 0.1877934272300469
 0.09389671361502347
 0.1877934272300469
 0.2816901408450704
 0.1877934272300469
 0.3755868544600939
 0.09389671361502347
 0.1877934272300469
 0.09389671361502347
 0.09389671361502347
 0.09389671361502347
 0.09389671361502347
 0.2816901408450704
 0.09389671361502347
 0.09389671361502347
 0.1877934272300469
 0.09389671361502347
 0.09389671361502347
 0.09389671361502347
 0.3755868544600939
 0.1877934272300469
 0.1877934272300469
 0.1877934272300469
 0.09389671361502347
 0.1877934272300469


