 0.3738317757009346
 1.214953271028037
 0.09345794392523366
 0.09345794392523366
 0.09345794392523366
 0.09345794392523366
 1.308411214953271
 6.074766355140187
 0.1869158878504673
 0.09345794392523366
 0.09345794392523366
 0.09345794392523366
 0.09345794392523366
 0.09345794392523366
 0.09345794392523366
 0.09345794392523366
 0.09345794392523366
 0.09345794392523366
 0.09345794392523366
 0.09345794392523366
 0.09345794392523366
 0.09345794392523366
 0.09345794392523366
 0.09345794392523366
 0.09345794392523366
 0.09345794392523366
 0.09345794392523366
 0.09345794392523366
 0.09345794392523366
 0.09345794392523366
 0.09345794392523366
 0.09345794392523366
 0.09345794392523366
 0.09345794392523366
 0.09345794392523366
 0.09345794392523366
 1.214953271028037
 6.16822429906542
 0.09345794392523366
 0.09345794392523366
 0.09345794392523366
 0.09345794392523366
 5.981308411214954
 57.38317757009346
 0.1869158878504673
 0.09345794392523366
 0.09345794392523366
 0.1869158878504673
 0.09345794392523366
 0.2803738317757009
 0.09345794392523366
 0.09345794392523366
 0.09345794392523366
 0.09345794392523366
 0.09345794392523366
 0.09345794392523366
 0.09345794392523366
 0.09345794392523366
 0.09345794392523366
 0.09345794392523366
 0.09345794392523366
 0.09345794392523366
 0.09345794392523366
 0.09345794392523366
 0.09345794392523366
 0.09345794392523366
 0.09345794392523366
 0.1869158878504673
 0.09345794392523366
 0.09345794392523366
 0.09345794392523366
 0.09345794392523366
 0.09345794392523366
 0.09345794392523366
 0.09345794392523366
 0.09345794392523366
 0.09345794392523366
 0.09345794392523366
 0.1869158878504673
 0.1869158878504673
 0.09345794392523366
 0.09345794392523366
 0.09345794392523366
 0.09345794392523366
 0.09345794392523366
 0.09345794392523366
 0.09345794392523366
 0.09345794392523366
 0.09345794392523366
 0.09345794392523366
 0.09345794392523366
 0.09345794392523366
 0.09345794392523366
 0.09345794392523366
 0.09345794392523366
 0.09345794392523366
 0.09345794392523366
 0.09345794392523366
 0.09345794392523366
 0.09345794392523366
 0.09345794392523366
 0.09345794392523366
 0.09345794392523366
 0.09345794392523366
 0.09345794392523366
 0.09345794392523366
 0.09345794392523366
 0.09345794392523366
 0.09345794392523366
 0.09345794392523366
 0.09345794392523366
 0.09345794392523366
 0.09345794392523366
 0.09345794392523366
 0.09345794392523366
 0.09345794392523366
 0.09345794392523366
 0.09345794392523366
 0.09345794392523366
 0.09345794392523366
 0.09345794392523366
 0.09345794392523366
 0.09345794392523366
 0.09345794392523366
 0.09345794392523366
 0.09345794392523366
 0.09345794392523366
 0.09345794392523366
 0.09345794392523366
 0.09345794392523366
 0.09345794392523366
 0.09345794392523366
 0.09345794392523366
 0.09345794392523366
 0.09345794392523366
 0.09345794392523366
 0.09345794392523366
 0.09345794392523366
 0.09345794392523366
 0.09345794392523366
 0.09345794392523366
 0.09345794392523366
 0.09345794392523366
 0.09345794392523366
 0.09345794392523366
 0.09345794392523366
 0.09345794392523366
 0.09345794392523366
 0.09345794392523366
 0.09345794392523366
 0.09345794392523366
 0.09345794392523366
 0.09345794392523366
 0.09345794392523366
 0.09345794392523366
 0.09345794392523366
 0.09345794392523366
 0.09345794392523366
 0.09345794392523366
 0.09345794392523366
 0.09345794392523366
 0.09345794392523366
 0.09345794392523366
 0.09345794392523366
 0.09345794392523366
 0.09345794392523366
 0.09345794392523366
 0.09345794392523366
 0.09345794392523366
 0.09345794392523366
 0.09345794392523366
 0.09345794392523366
 0.09345794392523366
 0.09345794392523366
 0.09345794392523366
 0.09345794392523366
 0.09345794392523366
 0.09345794392523366
 0.09345794392523366
 0.09345794392523366
 0.09345794392523366
 0.09345794392523366
 0.09345794392523366
 0.09345794392523366
 0.09345794392523366
 0.09345794392523366
 0.09345794392523366
 0.1869158878504673
 0.09345794392523366
 0.09345794392523366
 0.09345794392523366
 0.09345794392523366
 0.09345794392523366
 0.09345794392523366
 0.09345794392523366
 0.09345794392523366
 0.09345794392523366
 0.09345794392523366
 0.09345794392523366
 0.09345794392523366
 0.09345794392523366
 0.09345794392523366
 0.09345794392523366
 0.09345794392523366
 0.09345794392523366
 0.09345794392523366
 0.09345794392523366
 0.09345794392523366
 0.09345794392523366
 0.09345794392523366
 0.09345794392523366
 0.09345794392523366
 0.09345794392523366
 0.09345794392523366
 0.09345794392523366
 0.09345794392523366


