 35.05376344086022
 10.21505376344086
 0.1075268817204301
 0.2150537634408602
 0.1075268817204301
 0.2150537634408602
 9.78494623655914
 3.655913978494624
 0.1075268817204301
 0.1075268817204301
 0.1075268817204301
 0.1075268817204301
 0.1075268817204301
 0.1075268817204301
 0.1075268817204301
 0.1075268817204301
 0.1075268817204301
 0.1075268817204301
 0.2150537634408602
 0.1075268817204301
 0.1075268817204301
 0.1075268817204301
 0.1075268817204301
 0.1075268817204301
 0.1075268817204301
 0.1075268817204301
 0.1075268817204301
 0.1075268817204301
 0.1075268817204301
 0.1075268817204301
 0.2150537634408602
 0.1075268817204301
 0.1075268817204301
 0.1075268817204301
 0.1075268817204301
 0.1075268817204301
 10.43010752688172
 3.010752688172043
 0.1075268817204301
 0.1075268817204301
 0.1075268817204301
 0.1075268817204301
 3.655913978494624
 1.182795698924731
 0.1075268817204301
 0.1075268817204301
 0.1075268817204301
 0.1075268817204301
 0.1075268817204301
 0.1075268817204301
 0.1075268817204301
 0.1075268817204301
 0.1075268817204301
 0.1075268817204301
 0.1075268817204301
 0.1075268817204301
 0.1075268817204301
 0.1075268817204301
 0.1075268817204301
 0.1075268817204301
 0.1075268817204301
 0.1075268817204301
 0.1075268817204301
 0.1075268817204301
 0.1075268817204301
 0.1075268817204301
 0.1075268817204301
 0.1075268817204301
 0.1075268817204301
 0.1075268817204301
 0.1075268817204301
 0.1075268817204301
 0.1075268817204301
 0.1075268817204301
 0.1075268817204301
 0.1075268817204301
 0.1075268817204301
 0.1075268817204301
 0.1075268817204301
 0.1075268817204301
 0.1075268817204301
 0.1075268817204301
 0.1075268817204301
 0.1075268817204301
 0.1075268817204301
 0.1075268817204301
 0.1075268817204301
 0.1075268817204301
 0.1075268817204301
 0.1075268817204301
 0.1075268817204301
 0.1075268817204301
 0.1075268817204301
 0.1075268817204301
 0.1075268817204301
 0.1075268817204301
 0.1075268817204301
 0.1075268817204301
 0.1075268817204301
 0.1075268817204301
 0.1075268817204301
 0.1075268817204301
 0.1075268817204301
 0.1075268817204301
 0.1075268817204301
 0.1075268817204301
 0.1075268817204301
 0.1075268817204301
 0.1075268817204301
 0.2150537634408602
 0.1075268817204301
 0.1075268817204301
 0.1075268817204301
 0.1075268817204301
 0.1075268817204301
 0.1075268817204301
 0.1075268817204301
 0.1075268817204301
 0.1075268817204301
 0.1075268817204301
 0.1075268817204301
 0.1075268817204301
 0.1075268817204301
 0.1075268817204301
 0.1075268817204301
 0.1075268817204301
 0.1075268817204301
 0.1075268817204301
 0.1075268817204301
 0.1075268817204301
 0.1075268817204301
 0.1075268817204301
 0.1075268817204301
 0.1075268817204301
 0.1075268817204301
 0.1075268817204301
 0.1075268817204301
 0.1075268817204301
 0.1075268817204301
 0.1075268817204301
 0.1075268817204301
 0.1075268817204301
 0.1075268817204301
 0.1075268817204301
 0.1075268817204301
 0.1075268817204301
 0.1075268817204301
 0.1075268817204301
 0.1075268817204301
 0.1075268817204301
 0.1075268817204301
 0.1075268817204301
 0.1075268817204301
 0.1075268817204301
 0.1075268817204301
 0.1075268817204301
 0.1075268817204301
 0.1075268817204301
 0.1075268817204301
 0.1075268817204301
 0.1075268817204301
 0.1075268817204301
 0.1075268817204301
 0.1075268817204301
 0.1075268817204301
 0.1075268817204301
 0.1075268817204301
 0.1075268817204301
 0.1075268817204301
 0.1075268817204301
 0.1075268817204301
 0.1075268817204301
 0.1075268817204301
 0.1075268817204301
 0.1075268817204301
 0.1075268817204301
 0.1075268817204301
 0.1075268817204301
 0.1075268817204301
 0.1075268817204301
 0.1075268817204301
 0.2150537634408602
 0.1075268817204301
 0.1075268817204301
 0.1075268817204301
 0.1075268817204301
 0.1075268817204301
 0.1075268817204301
 0.1075268817204301
 0.1075268817204301
 0.1075268817204301
 0.1075268817204301
 0.1075268817204301
 0.1075268817204301
 0.1075268817204301
 0.1075268817204301
 0.1075268817204301
 0.1075268817204301
 0.1075268817204301
 0.1075268817204301
 0.1075268817204301
 0.1075268817204301
 0.1075268817204301
 0.1075268817204301
 0.1075268817204301
 0.1075268817204301
 0.1075268817204301
 0.1075268817204301
 0.1075268817204301
 0.1075268817204301
 0.1075268817204301
 0.1075268817204301
 0.1075268817204301
 0.1075268817204301
 0.1075268817204301
 0.1075268817204301


