 0.09345794392523366
 0.2803738317757009
 0.09345794392523366
 0.09345794392523366
 0.09345794392523366
 0.09345794392523366
 0.09345794392523366
 0.1869158878504673
 0.2803738317757009
 0.2803738317757009
 0.1869158878504673
 0.1869158878504673
 0.1869158878504673
 0.09345794392523366
 0.3738317757009346
 0.2803738317757009
 0.09345794392523366
 0.2803738317757009
 0.09345794392523366
 0.1869158878504673
 0.5607476635514018
 0.1869158878504673
 0.09345794392523366
 0.09345794392523366
 0.09345794392523366
 0.09345794392523366
 0.09345794392523366
 0.09345794392523366
 0.09345794392523366
 0.09345794392523366
 0.09345794392523366
 0.09345794392523366
 0.09345794392523366
 0.09345794392523366
 0.09345794392523366
 0.09345794392523366
 0.09345794392523366
 0.3738317757009346
 0.2803738317757009
 0.2803738317757009
 0.09345794392523366
 0.09345794392523366
 0.1869158878504673
 0.09345794392523366
 0.3738317757009346
 0.7476635514018692
 0.09345794392523366
 0.09345794392523366
 0.1869158878504673
 0.3738317757009346
 2.897196261682243
 1.02803738317757
 0.2803738317757009
 0.1869158878504673
 0.09345794392523366
 0.4672897196261682
 1.401869158878505
 0.4672897196261682
 0.09345794392523366
 0.1869158878504673
 0.09345794392523366
 0.09345794392523366
 0.09345794392523366
 0.2803738317757009
 0.09345794392523366
 0.2803738317757009
 0.09345794392523366
 0.09345794392523366
 0.09345794392523366
 0.1869158878504673
 0.09345794392523366
 0.1869158878504673
 0.1869158878504673
 0.09345794392523366
 0.4672897196261682
 0.3738317757009346
 0.09345794392523366
 0.09345794392523366
 0.2803738317757009
 0.4672897196261682
 2.897196261682243
 1.121495327102804
 0.1869158878504673
 0.1869158878504673
 0.6542056074766356
 2.710280373831776
 15.04672897196262
 6.822429906542056
 1.214953271028037
 0.1869158878504673
 0.1869158878504673
 0.9345794392523363
 7.196261682242991
 2.710280373831776
 0.1869158878504673
 0.2803738317757009
 0.1869158878504673
 0.5607476635514018
 1.308411214953271
 0.2803738317757009
 0.09345794392523366
 0.1869158878504673
 0.09345794392523366
 0.1869158878504673
 0.5607476635514018
 0.2803738317757009
 0.1869158878504673
 0.09345794392523366
 0.09345794392523366
 0.2803738317757009
 0.2803738317757009
 0.1869158878504673
 0.09345794392523366
 0.09345794392523366
 0.1869158878504673
 0.4672897196261682
 0.9345794392523363
 0.3738317757009346
 0.2803738317757009
 0.09345794392523366
 0.09345794392523366
 1.401869158878505
 7.009345794392523
 2.710280373831776
 0.6542056074766356
 0.4672897196261682
 0.2803738317757009
 0.5607476635514018
 2.616822429906542
 0.9345794392523363
 0.09345794392523366
 0.09345794392523366
 0.09345794392523366
 0.09345794392523366
 0.2803738317757009
 0.09345794392523366
 0.09345794392523366
 0.09345794392523366
 0.09345794392523366
 0.09345794392523366
 0.2803738317757009
 0.1869158878504673
 0.09345794392523366
 0.1869158878504673
 0.09345794392523366
 0.09345794392523366
 0.09345794392523366
 0.1869158878504673
 0.09345794392523366
 0.09345794392523366
 0.3738317757009346
 0.1869158878504673
 0.2803738317757009
 0.09345794392523366
 0.09345794392523366
 0.09345794392523366
 0.09345794392523366
 0.1869158878504673
 0.9345794392523363
 0.4672897196261682
 0.1869158878504673
 0.09345794392523366
 0.1869158878504673
 0.09345794392523366
 0.3738317757009346
 0.09345794392523366
 0.09345794392523366
 0.09345794392523366
 0.09345794392523366
 0.09345794392523366
 0.09345794392523366
 0.09345794392523366
 0.09345794392523366
 0.09345794392523366
 0.09345794392523366
 0.09345794392523366
 0.2803738317757009
 0.09345794392523366
 0.09345794392523366
 0.1869158878504673
 0.1869158878504673
 0.09345794392523366
 0.09345794392523366
 0.09345794392523366
 0.09345794392523366
 0.09345794392523366
 0.09345794392523366
 0.1869158878504673
 0.1869158878504673
 0.09345794392523366
 0.09345794392523366
 0.09345794392523366
 0.09345794392523366
 0.3738317757009346
 0.4672897196261682
 0.09345794392523366
 0.1869158878504673
 0.1869158878504673
 0.1869158878504673
 0.09345794392523366
 0.1869158878504673
 0.1869158878504673
 0.1869158878504673
 0.1869158878504673
 0.09345794392523366
 0.1869158878504673
 0.09345794392523366
 0.09345794392523366
 0.09345794392523366
 0.09345794392523366
 0.1869158878504673
 0.1869158878504673
 0.09345794392523366
 0.1869158878504673
 0.09345794392523366
 0.3738317757009346


