 56.09065155807366
 6.326723323890462
 0.09442870632672333
 0.09442870632672333
 0.09442870632672333
 0.1888574126534467
 5.476864966949953
 1.888574126534466
 0.09442870632672333
 0.09442870632672333
 0.09442870632672333
 0.1888574126534467
 0.09442870632672333
 0.09442870632672333
 0.09442870632672333
 0.09442870632672333
 0.09442870632672333
 0.09442870632672333
 0.09442870632672333
 0.09442870632672333
 0.09442870632672333
 0.09442870632672333
 0.09442870632672333
 0.09442870632672333
 0.09442870632672333
 0.09442870632672333
 0.09442870632672333
 0.09442870632672333
 0.09442870632672333
 0.09442870632672333
 0.1888574126534467
 0.09442870632672333
 0.09442870632672333
 0.09442870632672333
 0.09442870632672333
 0.09442870632672333
 6.232294617563739
 1.13314447592068
 0.09442870632672333
 0.09442870632672333
 0.09442870632672333
 0.09442870632672333
 1.888574126534466
 0.7554296506137866
 0.09442870632672333
 0.09442870632672333
 0.09442870632672333
 0.09442870632672333
 0.09442870632672333
 0.09442870632672333
 0.09442870632672333
 0.09442870632672333
 0.09442870632672333
 0.09442870632672333
 0.09442870632672333
 0.09442870632672333
 0.09442870632672333
 0.09442870632672333
 0.09442870632672333
 0.09442870632672333
 0.09442870632672333
 0.09442870632672333
 0.09442870632672333
 0.09442870632672333
 0.09442870632672333
 0.09442870632672333
 0.1888574126534467
 0.09442870632672333
 0.09442870632672333
 0.09442870632672333
 0.09442870632672333
 0.09442870632672333
 0.09442870632672333
 0.09442870632672333
 0.09442870632672333
 0.09442870632672333
 0.09442870632672333
 0.09442870632672333
 0.09442870632672333
 0.09442870632672333
 0.09442870632672333
 0.09442870632672333
 0.09442870632672333
 0.09442870632672333
 0.09442870632672333
 0.09442870632672333
 0.09442870632672333
 0.09442870632672333
 0.09442870632672333
 0.09442870632672333
 0.09442870632672333
 0.09442870632672333
 0.09442870632672333
 0.09442870632672333
 0.09442870632672333
 0.09442870632672333
 0.09442870632672333
 0.09442870632672333
 0.09442870632672333
 0.09442870632672333
 0.09442870632672333
 0.09442870632672333
 0.09442870632672333
 0.09442870632672333
 0.09442870632672333
 0.09442870632672333
 0.09442870632672333
 0.09442870632672333
 0.09442870632672333
 0.09442870632672333
 0.09442870632672333
 0.09442870632672333
 0.09442870632672333
 0.09442870632672333
 0.09442870632672333
 0.09442870632672333
 0.09442870632672333
 0.09442870632672333
 0.09442870632672333
 0.09442870632672333
 0.09442870632672333
 0.09442870632672333
 0.09442870632672333
 0.09442870632672333
 0.09442870632672333
 0.09442870632672333
 0.09442870632672333
 0.09442870632672333
 0.09442870632672333
 0.09442870632672333
 0.09442870632672333
 0.09442870632672333
 0.09442870632672333
 0.09442870632672333
 0.09442870632672333
 0.09442870632672333
 0.09442870632672333
 0.09442870632672333
 0.09442870632672333
 0.09442870632672333
 0.09442870632672333
 0.09442870632672333
 0.09442870632672333
 0.09442870632672333
 0.09442870632672333
 0.09442870632672333
 0.09442870632672333
 0.09442870632672333
 0.09442870632672333
 0.09442870632672333
 0.09442870632672333
 0.09442870632672333
 0.09442870632672333
 0.09442870632672333
 0.09442870632672333
 0.09442870632672333
 0.09442870632672333
 0.09442870632672333
 0.09442870632672333
 0.09442870632672333
 0.09442870632672333
 0.09442870632672333
 0.09442870632672333
 0.09442870632672333
 0.09442870632672333
 0.09442870632672333
 0.09442870632672333
 0.09442870632672333
 0.09442870632672333
 0.09442870632672333
 0.09442870632672333
 0.09442870632672333
 0.09442870632672333
 0.09442870632672333
 0.09442870632672333
 0.09442870632672333
 0.09442870632672333
 0.09442870632672333
 0.09442870632672333
 0.09442870632672333
 0.28328611898017
 0.09442870632672333
 0.09442870632672333
 0.09442870632672333
 0.09442870632672333
 0.09442870632672333
 0.09442870632672333
 0.09442870632672333
 0.09442870632672333
 0.09442870632672333
 0.09442870632672333
 0.09442870632672333
 0.09442870632672333
 0.09442870632672333
 0.09442870632672333
 0.09442870632672333
 0.09442870632672333
 0.09442870632672333
 0.09442870632672333
 0.09442870632672333
 0.09442870632672333
 0.09442870632672333
 0.09442870632672333
 0.09442870632672333
 0.09442870632672333
 0.09442870632672333
 0.09442870632672333
 0.09442870632672333
 0.09442870632672333
 0.09442870632672333
 0.09442870632672333
 0.09442870632672333
 0.09442870632672333
 0.09442870632672333
 0.09442870632672333
 0.09442870632672333


