 0.2564102564102564
 0.2564102564102564
 0.1709401709401709
 0.2564102564102564
 0.08547008547008547
 0.1709401709401709
 0.08547008547008547
 0.1709401709401709
 0.4273504273504274
 0.2564102564102564
 0.08547008547008547
 0.1709401709401709
 0.2564102564102564
 0.2564102564102564
 0.1709401709401709
 0.3418803418803419
 0.1709401709401709
 0.08547008547008547
 0.08547008547008547
 0.2564102564102564
 0.3418803418803419
 0.1709401709401709
 0.1709401709401709
 0.1709401709401709
 0.08547008547008547
 0.08547008547008547
 0.08547008547008547
 0.1709401709401709
 0.1709401709401709
 0.08547008547008547
 0.08547008547008547
 0.08547008547008547
 0.08547008547008547
 0.2564102564102564
 0.08547008547008547
 0.08547008547008547
 0.2564102564102564
 0.3418803418803419
 0.08547008547008547
 0.1709401709401709
 0.08547008547008547
 0.08547008547008547
 0.08547008547008547
 0.3418803418803419
 0.9401709401709402
 0.6837606837606838
 0.08547008547008547
 0.08547008547008547
 0.2564102564102564
 0.9401709401709402
 1.794871794871795
 1.367521367521368
 0.1709401709401709
 0.2564102564102564
 0.08547008547008547
 0.3418803418803419
 1.623931623931624
 1.367521367521368
 0.08547008547008547
 0.08547008547008547
 0.08547008547008547
 0.08547008547008547
 0.3418803418803419
 0.08547008547008547
 0.08547008547008547
 0.1709401709401709
 0.1709401709401709
 0.1709401709401709
 0.08547008547008547
 0.1709401709401709
 0.08547008547008547
 0.1709401709401709
 0.2564102564102564
 0.1709401709401709
 0.5982905982905984
 0.4273504273504274
 0.2564102564102564
 0.08547008547008547
 0.3418803418803419
 0.7692307692307693
 2.051282051282051
 1.70940170940171
 0.2564102564102564
 0.3418803418803419
 0.5128205128205128
 2.649572649572649
 14.87179487179487
 5.384615384615385
 1.111111111111111
 0.08547008547008547
 0.1709401709401709
 1.196581196581197
 5.128205128205128
 2.820512820512821
 0.2564102564102564
 0.3418803418803419
 0.08547008547008547
 0.4273504273504274
 0.7692307692307693
 0.2564102564102564
 0.4273504273504274
 0.1709401709401709
 0.08547008547008547
 0.2564102564102564
 0.2564102564102564
 0.2564102564102564
 0.1709401709401709
 0.1709401709401709
 0.1709401709401709
 0.1709401709401709
 0.1709401709401709
 0.08547008547008547
 0.08547008547008547
 0.08547008547008547
 0.2564102564102564
 0.5982905982905984
 0.8547008547008548
 0.5982905982905984
 0.1709401709401709
 0.08547008547008547
 0.5128205128205128
 1.025641025641026
 6.581196581196582
 2.307692307692308
 0.3418803418803419
 0.2564102564102564
 0.1709401709401709
 0.3418803418803419
 3.504273504273504
 1.282051282051282
 0.4273504273504274
 0.2564102564102564
 0.2564102564102564
 0.2564102564102564
 0.5128205128205128
 0.08547008547008547
 0.08547008547008547
 0.08547008547008547
 0.08547008547008547
 0.08547008547008547
 0.2564102564102564
 0.1709401709401709
 0.1709401709401709
 0.3418803418803419
 0.08547008547008547
 0.1709401709401709
 0.1709401709401709
 0.08547008547008547
 0.08547008547008547
 0.08547008547008547
 0.1709401709401709
 0.2564102564102564
 0.2564102564102564
 0.08547008547008547
 0.1709401709401709
 0.08547008547008547
 0.08547008547008547
 0.4273504273504274
 0.9401709401709402
 0.4273504273504274
 0.1709401709401709
 0.2564102564102564
 0.08547008547008547
 0.1709401709401709
 0.2564102564102564
 0.1709401709401709
 0.1709401709401709
 0.08547008547008547
 0.08547008547008547
 0.08547008547008547
 0.3418803418803419
 0.2564102564102564
 0.08547008547008547
 0.08547008547008547
 0.1709401709401709
 0.08547008547008547
 0.08547008547008547
 0.08547008547008547
 0.08547008547008547
 0.1709401709401709
 0.1709401709401709
 0.08547008547008547
 0.08547008547008547
 0.1709401709401709
 0.08547008547008547
 0.1709401709401709
 0.08547008547008547
 0.08547008547008547
 0.2564102564102564
 0.2564102564102564
 0.08547008547008547
 0.08547008547008547
 0.1709401709401709
 0.1709401709401709
 0.3418803418803419
 0.08547008547008547
 0.1709401709401709
 0.2564102564102564
 0.1709401709401709
 0.2564102564102564
 0.1709401709401709
 0.08547008547008547
 0.1709401709401709
 0.1709401709401709
 0.08547008547008547
 0.08547008547008547
 0.2564102564102564
 0.08547008547008547
 0.08547008547008547
 0.08547008547008547
 0.1709401709401709
 0.1709401709401709
 0.4273504273504274
 0.08547008547008547
 0.08547008547008547
 0.5128205128205128


