 0.2620087336244541
 0.08733624454148471
 0.1746724890829694
 0.08733624454148471
 0.08733624454148471
 0.1746724890829694
 0.08733624454148471
 0.08733624454148471
 0.3493449781659388
 0.1746724890829694
 0.08733624454148471
 0.08733624454148471
 0.1746724890829694
 0.08733624454148471
 0.08733624454148471
 0.2620087336244541
 0.1746724890829694
 0.1746724890829694
 0.08733624454148471
 0.08733624454148471
 0.2620087336244541
 0.3493449781659388
 0.08733624454148471
 0.08733624454148471
 0.08733624454148471
 0.08733624454148471
 0.08733624454148471
 0.1746724890829694
 0.08733624454148471
 0.1746724890829694
 0.08733624454148471
 0.08733624454148471
 0.2620087336244541
 0.08733624454148471
 0.08733624454148471
 0.08733624454148471
 0.08733624454148471
 0.2620087336244541
 0.2620087336244541
 0.2620087336244541
 0.1746724890829694
 0.1746724890829694
 0.1746724890829694
 0.1746724890829694
 0.2620087336244541
 0.2620087336244541
 0.08733624454148471
 0.08733624454148471
 0.1746724890829694
 0.7860262008733625
 2.096069868995633
 0.9606986899563319
 0.2620087336244541
 0.1746724890829694
 0.08733624454148471
 0.08733624454148471
 1.222707423580786
 0.4366812227074235
 0.1746724890829694
 0.08733624454148471
 0.08733624454148471
 0.08733624454148471
 0.2620087336244541
 0.08733624454148471
 0.08733624454148471
 0.08733624454148471
 0.08733624454148471
 0.08733624454148471
 0.08733624454148471
 0.08733624454148471
 0.08733624454148471
 0.1746724890829694
 0.08733624454148471
 0.2620087336244541
 0.2620087336244541
 0.1746724890829694
 0.1746724890829694
 0.08733624454148471
 0.611353711790393
 0.1746724890829694
 2.620087336244541
 1.310043668122271
 0.1746724890829694
 0.08733624454148471
 0.2620087336244541
 2.358078602620088
 19.91266375545851
 7.161572052401747
 0.7860262008733625
 0.1746724890829694
 0.08733624454148471
 0.9606986899563319
 7.336244541484715
 2.96943231441048
 0.3493449781659388
 0.1746724890829694
 0.1746724890829694
 0.1746724890829694
 0.6986899563318777
 0.611353711790393
 0.08733624454148471
 0.1746724890829694
 0.08733624454148471
 0.1746724890829694
 0.2620087336244541
 0.1746724890829694
 0.2620087336244541
 0.1746724890829694
 0.08733624454148471
 0.08733624454148471
 0.08733624454148471
 0.08733624454148471
 0.08733624454148471
 0.08733624454148471
 0.08733624454148471
 0.4366812227074235
 0.9606986899563319
 0.1746724890829694
 0.1746724890829694
 0.08733624454148471
 0.1746724890829694
 1.135371179039301
 7.77292576419214
 3.14410480349345
 0.2620087336244541
 0.2620087336244541
 0.08733624454148471
 0.5240174672489083
 3.231441048034934
 1.310043668122271
 0.1746724890829694
 0.08733624454148471
 0.08733624454148471
 0.08733624454148471
 0.4366812227074235
 0.08733624454148471
 0.1746724890829694
 0.08733624454148471
 0.08733624454148471
 0.08733624454148471
 0.1746724890829694
 0.08733624454148471
 0.08733624454148471
 0.1746724890829694
 0.1746724890829694
 0.08733624454148471
 0.08733624454148471
 0.1746724890829694
 0.08733624454148471
 0.08733624454148471
 0.08733624454148471
 0.08733624454148471
 0.1746724890829694
 0.08733624454148471
 0.08733624454148471
 0.08733624454148471
 0.1746724890829694
 0.4366812227074235
 0.6986899563318777
 0.2620087336244541
 0.08733624454148471
 0.1746724890829694
 0.08733624454148471
 0.1746724890829694
 0.5240174672489083
 0.1746724890829694
 0.08733624454148471
 0.1746724890829694
 0.08733624454148471
 0.08733624454148471
 0.08733624454148471
 0.1746724890829694
 0.08733624454148471
 0.08733624454148471
 0.08733624454148471
 0.08733624454148471
 0.08733624454148471
 0.08733624454148471
 0.1746724890829694
 0.1746724890829694
 0.1746724890829694
 0.08733624454148471
 0.08733624454148471
 0.1746724890829694
 0.08733624454148471
 0.08733624454148471
 0.1746724890829694
 0.08733624454148471
 0.1746724890829694
 0.08733624454148471
 0.08733624454148471
 0.1746724890829694
 0.08733624454148471
 0.1746724890829694
 0.08733624454148471
 0.08733624454148471
 0.3493449781659388
 0.1746724890829694
 0.08733624454148471
 0.08733624454148471
 0.08733624454148471
 0.1746724890829694
 0.08733624454148471
 0.08733624454148471
 0.1746724890829694
 0.08733624454148471
 0.2620087336244541
 0.08733624454148471
 0.08733624454148471
 0.08733624454148471
 0.2620087336244541
 0.2620087336244541
 0.08733624454148471
 0.08733624454148471
 0.08733624454148471
 0.611353711790393


