 0.6542056074766356
 0.2803738317757009
 0.3738317757009346
 0.09345794392523366
 0.1869158878504673
 0.1869158878504673
 0.1869158878504673
 0.09345794392523366
 0.09345794392523366
 0.1869158878504673
 0.09345794392523366
 0.1869158878504673
 0.2803738317757009
 0.2803738317757009
 0.1869158878504673
 0.5607476635514018
 0.09345794392523366
 0.09345794392523366
 0.09345794392523366
 0.09345794392523366
 0.2803738317757009
 0.1869158878504673
 0.09345794392523366
 0.09345794392523366
 0.1869158878504673
 0.09345794392523366
 0.1869158878504673
 0.1869158878504673
 0.09345794392523366
 0.09345794392523366
 0.09345794392523366
 0.09345794392523366
 0.1869158878504673
 0.09345794392523366
 0.09345794392523366
 0.1869158878504673
 0.2803738317757009
 0.1869158878504673
 0.09345794392523366
 0.1869158878504673
 0.09345794392523366
 0.09345794392523366
 0.1869158878504673
 0.1869158878504673
 0.4672897196261682
 0.5607476635514018
 0.3738317757009346
 0.09345794392523366
 0.2803738317757009
 0.4672897196261682
 1.214953271028037
 0.6542056074766356
 0.4672897196261682
 0.09345794392523366
 0.1869158878504673
 0.5607476635514018
 1.121495327102804
 0.8411214953271028
 0.3738317757009346
 0.1869158878504673
 0.09345794392523366
 0.09345794392523366
 0.2803738317757009
 0.1869158878504673
 0.09345794392523366
 0.09345794392523366
 0.09345794392523366
 0.09345794392523366
 0.09345794392523366
 0.1869158878504673
 0.09345794392523366
 0.1869158878504673
 0.09345794392523366
 0.09345794392523366
 0.4672897196261682
 0.2803738317757009
 0.2803738317757009
 0.1869158878504673
 0.1869158878504673
 0.7476635514018692
 1.588785046728972
 1.308411214953271
 0.09345794392523366
 0.09345794392523366
 0.4672897196261682
 1.775700934579439
 18.31775700934579
 6.635514018691589
 0.6542056074766356
 0.4672897196261682
 0.2803738317757009
 0.9345794392523363
 7.196261682242991
 2.242990654205607
 0.4672897196261682
 0.1869158878504673
 0.09345794392523366
 0.09345794392523366
 0.9345794392523363
 0.4672897196261682
 0.09345794392523366
 0.1869158878504673
 0.09345794392523366
 0.1869158878504673
 0.2803738317757009
 0.3738317757009346
 0.1869158878504673
 0.1869158878504673
 0.3738317757009346
 0.09345794392523366
 0.1869158878504673
 0.09345794392523366
 0.09345794392523366
 0.09345794392523366
 0.1869158878504673
 0.6542056074766356
 0.6542056074766356
 1.02803738317757
 0.09345794392523366
 0.09345794392523366
 0.1869158878504673
 1.02803738317757
 7.289719626168225
 2.897196261682243
 0.3738317757009346
 0.1869158878504673
 0.09345794392523366
 0.4672897196261682
 2.523364485981308
 0.7476635514018692
 0.3738317757009346
 0.09345794392523366
 0.1869158878504673
 0.09345794392523366
 0.6542056074766356
 0.4672897196261682
 0.09345794392523366
 0.09345794392523366
 0.09345794392523366
 0.09345794392523366
 0.1869158878504673
 0.09345794392523366
 0.1869158878504673
 0.09345794392523366
 0.1869158878504673
 0.09345794392523366
 0.1869158878504673
 0.09345794392523366
 0.09345794392523366
 0.09345794392523366
 0.09345794392523366
 0.09345794392523366
 0.1869158878504673
 0.09345794392523366
 0.09345794392523366
 0.09345794392523366
 0.09345794392523366
 0.2803738317757009
 1.121495327102804
 0.4672897196261682
 0.1869158878504673
 0.1869158878504673
 0.09345794392523366
 0.3738317757009346
 0.6542056074766356
 0.1869158878504673
 0.09345794392523366
 0.09345794392523366
 0.09345794392523366
 0.09345794392523366
 0.09345794392523366
 0.09345794392523366
 0.09345794392523366
 0.09345794392523366
 0.09345794392523366
 0.09345794392523366
 0.09345794392523366
 0.09345794392523366
 0.09345794392523366
 0.1869158878504673
 0.1869158878504673
 0.09345794392523366
 0.1869158878504673
 0.09345794392523366
 0.09345794392523366
 0.09345794392523366
 0.09345794392523366
 0.09345794392523366
 0.1869158878504673
 0.09345794392523366
 0.09345794392523366
 0.1869158878504673
 0.09345794392523366
 0.1869158878504673
 0.09345794392523366
 0.1869158878504673
 0.09345794392523366
 0.2803738317757009
 0.1869158878504673
 0.2803738317757009
 0.1869158878504673
 0.09345794392523366
 0.1869158878504673
 0.09345794392523366
 0.09345794392523366
 0.1869158878504673
 0.1869158878504673
 0.09345794392523366
 0.09345794392523366
 0.09345794392523366
 0.2803738317757009
 0.1869158878504673
 0.09345794392523366
 0.1869158878504673
 0.09345794392523366
 0.6542056074766356


