 53.36448598130841
 7.009345794392523
 0.1869158878504673
 0.1869158878504673
 0.09345794392523366
 0.09345794392523366
 7.476635514018691
 1.121495327102804
 0.09345794392523366
 0.09345794392523366
 0.09345794392523366
 0.1869158878504673
 0.1869158878504673
 0.09345794392523366
 0.09345794392523366
 0.09345794392523366
 0.09345794392523366
 0.09345794392523366
 0.1869158878504673
 0.09345794392523366
 0.09345794392523366
 0.09345794392523366
 0.09345794392523366
 0.09345794392523366
 0.09345794392523366
 0.09345794392523366
 0.09345794392523366
 0.09345794392523366
 0.09345794392523366
 0.09345794392523366
 0.09345794392523366
 0.09345794392523366
 0.09345794392523366
 0.09345794392523366
 0.09345794392523366
 0.09345794392523366
 7.009345794392523
 1.588785046728972
 0.09345794392523366
 0.09345794392523366
 0.09345794392523366
 0.09345794392523366
 1.121495327102804
 1.02803738317757
 0.09345794392523366
 0.09345794392523366
 0.09345794392523366
 0.09345794392523366
 0.09345794392523366
 0.09345794392523366
 0.09345794392523366
 0.09345794392523366
 0.09345794392523366
 0.09345794392523366
 0.09345794392523366
 0.09345794392523366
 0.09345794392523366
 0.09345794392523366
 0.09345794392523366
 0.09345794392523366
 0.09345794392523366
 0.09345794392523366
 0.09345794392523366
 0.09345794392523366
 0.09345794392523366
 0.09345794392523366
 0.1869158878504673
 0.09345794392523366
 0.09345794392523366
 0.09345794392523366
 0.09345794392523366
 0.09345794392523366
 0.1869158878504673
 0.09345794392523366
 0.09345794392523366
 0.09345794392523366
 0.09345794392523366
 0.09345794392523366
 0.09345794392523366
 0.09345794392523366
 0.09345794392523366
 0.09345794392523366
 0.09345794392523366
 0.09345794392523366
 0.09345794392523366
 0.09345794392523366
 0.09345794392523366
 0.09345794392523366
 0.09345794392523366
 0.09345794392523366
 0.09345794392523366
 0.09345794392523366
 0.09345794392523366
 0.09345794392523366
 0.09345794392523366
 0.09345794392523366
 0.09345794392523366
 0.09345794392523366
 0.09345794392523366
 0.09345794392523366
 0.09345794392523366
 0.09345794392523366
 0.09345794392523366
 0.09345794392523366
 0.09345794392523366
 0.09345794392523366
 0.09345794392523366
 0.09345794392523366
 0.1869158878504673
 0.09345794392523366
 0.09345794392523366
 0.09345794392523366
 0.09345794392523366
 0.09345794392523366
 0.09345794392523366
 0.09345794392523366
 0.09345794392523366
 0.09345794392523366
 0.09345794392523366
 0.09345794392523366
 0.09345794392523366
 0.09345794392523366
 0.09345794392523366
 0.09345794392523366
 0.09345794392523366
 0.09345794392523366
 0.09345794392523366
 0.09345794392523366
 0.09345794392523366
 0.09345794392523366
 0.09345794392523366
 0.09345794392523366
 0.09345794392523366
 0.09345794392523366
 0.09345794392523366
 0.09345794392523366
 0.09345794392523366
 0.09345794392523366
 0.09345794392523366
 0.09345794392523366
 0.09345794392523366
 0.09345794392523366
 0.09345794392523366
 0.09345794392523366
 0.09345794392523366
 0.09345794392523366
 0.09345794392523366
 0.09345794392523366
 0.09345794392523366
 0.09345794392523366
 0.09345794392523366
 0.09345794392523366
 0.09345794392523366
 0.09345794392523366
 0.09345794392523366
 0.09345794392523366
 0.09345794392523366
 0.09345794392523366
 0.09345794392523366
 0.09345794392523366
 0.09345794392523366
 0.09345794392523366
 0.09345794392523366
 0.09345794392523366
 0.09345794392523366
 0.09345794392523366
 0.09345794392523366
 0.09345794392523366
 0.09345794392523366
 0.09345794392523366
 0.09345794392523366
 0.09345794392523366
 0.09345794392523366
 0.09345794392523366
 0.09345794392523366
 0.09345794392523366
 0.09345794392523366
 0.09345794392523366
 0.09345794392523366
 0.09345794392523366
 0.09345794392523366
 0.1869158878504673
 0.09345794392523366
 0.09345794392523366
 0.09345794392523366
 0.09345794392523366
 0.09345794392523366
 0.09345794392523366
 0.09345794392523366
 0.09345794392523366
 0.09345794392523366
 0.09345794392523366
 0.09345794392523366
 0.09345794392523366
 0.09345794392523366
 0.09345794392523366
 0.09345794392523366
 0.09345794392523366
 0.09345794392523366
 0.09345794392523366
 0.09345794392523366
 0.09345794392523366
 0.09345794392523366
 0.09345794392523366
 0.09345794392523366
 0.09345794392523366
 0.09345794392523366
 0.09345794392523366
 0.09345794392523366
 0.09345794392523366
 0.09345794392523366
 0.09345794392523366
 0.09345794392523366
 0.09345794392523366
 0.09345794392523366
 0.09345794392523366


