 1.030927835051546
 0.1718213058419244
 0.2577319587628866
 0.2577319587628866
 0.0859106529209622
 0.1718213058419244
 0.0859106529209622
 0.0859106529209622
 0.0859106529209622
 0.2577319587628866
 0.2577319587628866
 0.0859106529209622
 0.0859106529209622
 0.5154639175257731
 0.429553264604811
 0.429553264604811
 0.1718213058419244
 0.0859106529209622
 0.0859106529209622
 0.0859106529209622
 0.1718213058419244
 0.429553264604811
 0.0859106529209622
 0.0859106529209622
 0.0859106529209622
 0.0859106529209622
 0.0859106529209622
 0.0859106529209622
 0.0859106529209622
 0.1718213058419244
 0.0859106529209622
 0.2577319587628866
 0.0859106529209622
 0.0859106529209622
 0.0859106529209622
 0.0859106529209622
 0.0859106529209622
 0.1718213058419244
 0.1718213058419244
 0.1718213058419244
 0.0859106529209622
 0.0859106529209622
 0.0859106529209622
 0.429553264604811
 0.2577319587628866
 0.6872852233676976
 0.1718213058419244
 0.0859106529209622
 0.3436426116838488
 0.3436426116838488
 1.718213058419244
 0.429553264604811
 0.1718213058419244
 0.1718213058419244
 0.1718213058419244
 0.1718213058419244
 1.632302405498282
 0.7731958762886598
 0.2577319587628866
 0.0859106529209622
 0.0859106529209622
 0.1718213058419244
 0.3436426116838488
 0.2577319587628866
 0.0859106529209622
 0.0859106529209622
 0.0859106529209622
 0.0859106529209622
 0.0859106529209622
 0.1718213058419244
 0.0859106529209622
 0.0859106529209622
 0.5154639175257731
 0.2577319587628866
 0.7731958762886598
 0.2577319587628866
 0.1718213058419244
 0.0859106529209622
 0.1718213058419244
 0.6872852233676976
 1.460481099656357
 1.202749140893471
 0.2577319587628866
 0.0859106529209622
 1.030927835051546
 1.54639175257732
 21.21993127147766
 6.443298969072164
 0.5154639175257731
 0.0859106529209622
 0.1718213058419244
 0.7731958762886598
 6.27147766323024
 2.74914089347079
 0.3436426116838488
 0.6013745704467355
 0.1718213058419244
 0.0859106529209622
 0.859106529209622
 0.429553264604811
 0.1718213058419244
 0.1718213058419244
 0.0859106529209622
 0.0859106529209622
 0.1718213058419244
 0.0859106529209622
 0.1718213058419244
 0.0859106529209622
 0.1718213058419244
 0.0859106529209622
 0.1718213058419244
 0.0859106529209622
 0.0859106529209622
 0.0859106529209622
 0.1718213058419244
 0.2577319587628866
 0.859106529209622
 0.6013745704467355
 0.1718213058419244
 0.0859106529209622
 0.2577319587628866
 1.030927835051546
 6.185567010309279
 2.920962199312715
 0.7731958762886598
 0.0859106529209622
 0.0859106529209622
 0.859106529209622
 2.835051546391753
 1.460481099656357
 0.2577319587628866
 0.1718213058419244
 0.0859106529209622
 0.2577319587628866
 0.5154639175257731
 0.0859106529209622
 0.1718213058419244
 0.0859106529209622
 0.2577319587628866
 0.2577319587628866
 0.429553264604811
 0.0859106529209622
 0.0859106529209622
 0.0859106529209622
 0.0859106529209622
 0.0859106529209622
 0.1718213058419244
 0.0859106529209622
 0.0859106529209622
 0.0859106529209622
 0.0859106529209622
 0.1718213058419244
 0.2577319587628866
 0.1718213058419244
 0.0859106529209622
 0.1718213058419244
 0.2577319587628866
 0.1718213058419244
 0.9450171821305842
 0.429553264604811
 0.0859106529209622
 0.1718213058419244
 0.0859106529209622
 0.1718213058419244
 0.3436426116838488
 0.1718213058419244
 0.1718213058419244
 0.0859106529209622
 0.0859106529209622
 0.1718213058419244
 0.1718213058419244
 0.0859106529209622
 0.0859106529209622
 0.0859106529209622
 0.0859106529209622
 0.0859106529209622
 0.2577319587628866
 0.0859106529209622
 0.0859106529209622
 0.0859106529209622
 0.0859106529209622
 0.0859106529209622
 0.1718213058419244
 0.0859106529209622
 0.0859106529209622
 0.1718213058419244
 0.1718213058419244
 0.0859106529209622
 0.2577319587628866
 0.1718213058419244
 0.0859106529209622
 0.0859106529209622
 0.0859106529209622
 0.2577319587628866
 0.3436426116838488
 0.1718213058419244
 0.1718213058419244
 0.0859106529209622
 0.0859106529209622
 0.0859106529209622
 0.0859106529209622
 0.0859106529209622
 0.0859106529209622
 0.1718213058419244
 0.0859106529209622
 0.1718213058419244
 0.0859106529209622
 0.0859106529209622
 0.0859106529209622
 0.0859106529209622
 0.0859106529209622
 0.0859106529209622
 0.0859106529209622
 0.0859106529209622
 0.0859106529209622
 0.0859106529209622


