 0.9109311740890688
 0.1012145748987854
 0.2024291497975708
 0.4048582995951417
 0.1012145748987854
 0.3036437246963563
 0.3036437246963563
 0.4048582995951417
 0.4048582995951417
 0.3036437246963563
 0.1012145748987854
 0.1012145748987854
 0.2024291497975708
 0.3036437246963563
 0.3036437246963563
 0.4048582995951417
 0.3036437246963563
 0.2024291497975708
 0.2024291497975708
 0.2024291497975708
 0.3036437246963563
 0.3036437246963563
 0.1012145748987854
 0.2024291497975708
 0.1012145748987854
 0.1012145748987854
 0.1012145748987854
 0.1012145748987854
 0.2024291497975708
 0.1012145748987854
 0.1012145748987854
 0.1012145748987854
 0.2024291497975708
 0.2024291497975708
 0.1012145748987854
 0.1012145748987854
 0.3036437246963563
 0.4048582995951417
 0.4048582995951417
 0.1012145748987854
 0.1012145748987854
 0.1012145748987854
 0.2024291497975708
 0.4048582995951417
 0.708502024291498
 0.2024291497975708
 0.4048582995951417
 0.1012145748987854
 0.3036437246963563
 0.6072874493927125
 2.42914979757085
 0.708502024291498
 0.2024291497975708
 0.2024291497975708
 0.1012145748987854
 0.1012145748987854
 1.012145748987854
 0.4048582995951417
 0.1012145748987854
 0.1012145748987854
 0.1012145748987854
 0.3036437246963563
 0.3036437246963563
 0.3036437246963563
 0.1012145748987854
 0.2024291497975708
 0.1012145748987854
 0.1012145748987854
 0.1012145748987854
 0.2024291497975708
 0.2024291497975708
 0.1012145748987854
 0.2024291497975708
 0.4048582995951417
 0.708502024291498
 0.4048582995951417
 0.1012145748987854
 0.1012145748987854
 0.5060728744939271
 0.6072874493927125
 1.923076923076923
 0.6072874493927125
 0.3036437246963563
 0.2024291497975708
 0.6072874493927125
 1.619433198380567
 18.52226720647773
 6.072874493927126
 0.708502024291498
 0.5060728744939271
 0.4048582995951417
 0.8097165991902834
 4.65587044534413
 2.631578947368421
 0.3036437246963563
 0.708502024291498
 0.3036437246963563
 0.4048582995951417
 0.5060728744939271
 0.3036437246963563
 0.1012145748987854
 0.1012145748987854
 0.2024291497975708
 0.1012145748987854
 0.5060728744939271
 0.3036437246963563
 0.2024291497975708
 0.3036437246963563
 0.2024291497975708
 0.3036437246963563
 0.2024291497975708
 0.2024291497975708
 0.1012145748987854
 0.1012145748987854
 0.2024291497975708
 0.3036437246963563
 0.9109311740890688
 0.2024291497975708
 0.2024291497975708
 0.2024291497975708
 0.4048582995951417
 0.9109311740890688
 5.465587044534413
 1.923076923076923
 0.2024291497975708
 0.2024291497975708
 0.2024291497975708
 0.4048582995951417
 2.732793522267206
 1.11336032388664
 0.2024291497975708
 0.1012145748987854
 0.1012145748987854
 0.1012145748987854
 0.4048582995951417
 0.1012145748987854
 0.1012145748987854
 0.1012145748987854
 0.1012145748987854
 0.3036437246963563
 0.6072874493927125
 0.3036437246963563
 0.2024291497975708
 0.2024291497975708
 0.3036437246963563
 0.3036437246963563
 0.1012145748987854
 0.1012145748987854
 0.1012145748987854
 0.1012145748987854
 0.1012145748987854
 0.2024291497975708
 0.3036437246963563
 0.4048582995951417
 0.1012145748987854
 0.1012145748987854
 0.2024291497975708
 0.2024291497975708
 0.6072874493927125
 0.4048582995951417
 0.1012145748987854
 0.2024291497975708
 0.1012145748987854
 0.3036437246963563
 0.2024291497975708
 0.2024291497975708
 0.1012145748987854
 0.1012145748987854
 0.2024291497975708
 0.2024291497975708
 0.1012145748987854
 0.1012145748987854
 0.1012145748987854
 0.1012145748987854
 0.1012145748987854
 0.1012145748987854
 0.1012145748987854
 0.1012145748987854
 0.1012145748987854
 0.2024291497975708
 0.1012145748987854
 0.1012145748987854
 0.1012145748987854
 0.1012145748987854
 0.2024291497975708
 0.1012145748987854
 0.1012145748987854
 0.1012145748987854
 0.2024291497975708
 0.1012145748987854
 0.2024291497975708
 0.1012145748987854
 0.2024291497975708
 0.5060728744939271
 0.6072874493927125
 0.1012145748987854
 0.2024291497975708
 0.3036437246963563
 0.1012145748987854
 0.2024291497975708
 0.2024291497975708
 0.1012145748987854
 0.1012145748987854
 0.5060728744939271
 0.2024291497975708
 0.1012145748987854
 0.3036437246963563
 0.1012145748987854
 0.2024291497975708
 0.1012145748987854
 0.1012145748987854
 0.1012145748987854
 0.4048582995951417
 0.1012145748987854
 0.2024291497975708
 0.3036437246963563


