 0.1728608470181504
 0.08643042350907519
 0.3457216940363008
 0.1728608470181504
 0.1728608470181504
 0.08643042350907519
 0.08643042350907519
 0.1728608470181504
 0.1728608470181504
 0.2592912705272256
 0.1728608470181504
 0.08643042350907519
 0.08643042350907519
 0.08643042350907519
 0.5185825410544511
 0.2592912705272256
 0.1728608470181504
 0.2592912705272256
 0.08643042350907519
 0.1728608470181504
 0.08643042350907519
 0.3457216940363008
 0.1728608470181504
 0.08643042350907519
 0.08643042350907519
 0.08643042350907519
 0.08643042350907519
 0.08643042350907519
 0.08643042350907519
 0.1728608470181504
 0.08643042350907519
 0.08643042350907519
 0.08643042350907519
 0.08643042350907519
 0.08643042350907519
 0.08643042350907519
 0.1728608470181504
 0.2592912705272256
 0.2592912705272256
 0.08643042350907519
 0.08643042350907519
 0.08643042350907519
 0.1728608470181504
 0.3457216940363008
 0.6050129645635264
 0.2592912705272256
 0.1728608470181504
 0.08643042350907519
 0.3457216940363008
 0.3457216940363008
 2.592912705272256
 1.037165082108902
 0.1728608470181504
 0.2592912705272256
 0.2592912705272256
 0.2592912705272256
 1.382886776145203
 0.432152117545376
 0.2592912705272256
 0.1728608470181504
 0.08643042350907519
 0.1728608470181504
 0.2592912705272256
 0.2592912705272256
 0.08643042350907519
 0.08643042350907519
 0.08643042350907519
 0.1728608470181504
 0.08643042350907519
 0.08643042350907519
 0.08643042350907519
 0.08643042350907519
 0.3457216940363008
 0.2592912705272256
 0.1728608470181504
 0.3457216940363008
 0.08643042350907519
 0.08643042350907519
 0.1728608470181504
 0.3457216940363008
 2.420051858254106
 1.296456352636128
 0.2592912705272256
 0.08643042350907519
 0.1728608470181504
 2.420051858254106
 15.73033707865168
 7.692307692307693
 0.7778738115816767
 0.432152117545376
 0.2592912705272256
 1.469317199654278
 6.82800345721694
 3.111495246326707
 0.432152117545376
 0.08643042350907519
 0.08643042350907519
 0.1728608470181504
 0.864304235090752
 0.6050129645635264
 0.08643042350907519
 0.1728608470181504
 0.08643042350907519
 0.2592912705272256
 0.432152117545376
 0.2592912705272256
 0.08643042350907519
 0.1728608470181504
 0.08643042350907519
 0.08643042350907519
 0.3457216940363008
 0.1728608470181504
 0.08643042350907519
 0.08643042350907519
 0.1728608470181504
 0.5185825410544511
 1.037165082108902
 0.6914433880726015
 0.08643042350907519
 0.1728608470181504
 0.2592912705272256
 1.469317199654278
 7.087294727744166
 2.679343128781331
 0.5185825410544511
 0.1728608470181504
 0.08643042350907519
 0.432152117545376
 3.370786516853932
 1.037165082108902
 0.1728608470181504
 0.1728608470181504
 0.08643042350907519
 0.3457216940363008
 0.6050129645635264
 0.1728608470181504
 0.08643042350907519
 0.08643042350907519
 0.08643042350907519
 0.08643042350907519
 0.1728608470181504
 0.08643042350907519
 0.08643042350907519
 0.2592912705272256
 0.08643042350907519
 0.08643042350907519
 0.08643042350907519
 0.08643042350907519
 0.08643042350907519
 0.08643042350907519
 0.08643042350907519
 0.1728608470181504
 0.3457216940363008
 0.1728608470181504
 0.08643042350907519
 0.08643042350907519
 0.08643042350907519
 0.1728608470181504
 1.037165082108902
 0.432152117545376
 0.1728608470181504
 0.08643042350907519
 0.08643042350907519
 0.1728608470181504
 0.432152117545376
 0.2592912705272256
 0.1728608470181504
 0.1728608470181504
 0.08643042350907519
 0.08643042350907519
 0.08643042350907519
 0.08643042350907519
 0.08643042350907519
 0.08643042350907519
 0.1728608470181504
 0.08643042350907519
 0.1728608470181504
 0.08643042350907519
 0.08643042350907519
 0.08643042350907519
 0.1728608470181504
 0.1728608470181504
 0.1728608470181504
 0.08643042350907519
 0.08643042350907519
 0.08643042350907519
 0.2592912705272256
 0.08643042350907519
 0.1728608470181504
 0.08643042350907519
 0.1728608470181504
 0.08643042350907519
 0.3457216940363008
 0.08643042350907519
 0.2592912705272256
 0.08643042350907519
 0.1728608470181504
 0.08643042350907519
 0.08643042350907519
 0.1728608470181504
 0.08643042350907519
 0.08643042350907519
 0.1728608470181504
 0.08643042350907519
 0.08643042350907519
 0.08643042350907519
 0.08643042350907519
 0.08643042350907519
 0.08643042350907519
 0.08643042350907519
 0.2592912705272256
 0.1728608470181504
 0.08643042350907519
 0.08643042350907519
 0.08643042350907519
 0.6050129645635264


