 0.09345794392523366
 0.3738317757009346
 0.1869158878504673
 0.09345794392523366
 0.09345794392523366
 0.09345794392523366
 0.1869158878504673
 1.682242990654206
 0.2803738317757009
 0.1869158878504673
 0.09345794392523366
 0.09345794392523366
 0.09345794392523366
 0.2803738317757009
 0.3738317757009346
 0.1869158878504673
 0.09345794392523366
 0.09345794392523366
 0.09345794392523366
 0.1869158878504673
 0.09345794392523366
 0.09345794392523366
 0.09345794392523366
 0.09345794392523366
 0.09345794392523366
 0.09345794392523366
 0.09345794392523366
 0.09345794392523366
 0.09345794392523366
 0.09345794392523366
 0.09345794392523366
 0.09345794392523366
 0.09345794392523366
 0.09345794392523366
 0.09345794392523366
 0.09345794392523366
 0.2803738317757009
 1.495327102803738
 0.4672897196261682
 0.09345794392523366
 0.09345794392523366
 0.09345794392523366
 1.308411214953271
 50.09345794392524
 5.233644859813085
 0.8411214953271028
 0.1869158878504673
 0.1869158878504673
 0.3738317757009346
 4.953271028037383
 0.9345794392523363
 0.1869158878504673
 0.09345794392523366
 0.09345794392523366
 0.09345794392523366
 0.6542056074766356
 0.2803738317757009
 0.2803738317757009
 0.09345794392523366
 0.09345794392523366
 0.1869158878504673
 0.09345794392523366
 0.09345794392523366
 0.09345794392523366
 0.09345794392523366
 0.09345794392523366
 0.09345794392523366
 0.1869158878504673
 0.09345794392523366
 0.09345794392523366
 0.09345794392523366
 0.09345794392523366
 0.2803738317757009
 0.3738317757009346
 0.09345794392523366
 0.09345794392523366
 0.09345794392523366
 0.09345794392523366
 0.6542056074766356
 5.233644859813085
 0.5607476635514018
 0.09345794392523366
 0.09345794392523366
 0.09345794392523366
 0.09345794392523366
 1.121495327102804
 0.3738317757009346
 0.1869158878504673
 0.09345794392523366
 0.09345794392523366
 0.09345794392523366
 0.2803738317757009
 0.09345794392523366
 0.1869158878504673
 0.09345794392523366
 0.09345794392523366
 0.09345794392523366
 0.09345794392523366
 0.09345794392523366
 0.09345794392523366
 0.09345794392523366
 0.09345794392523366
 0.09345794392523366
 0.09345794392523366
 0.09345794392523366
 0.09345794392523366
 0.09345794392523366
 0.09345794392523366
 0.09345794392523366
 0.09345794392523366
 0.1869158878504673
 0.09345794392523366
 0.09345794392523366
 0.09345794392523366
 0.1869158878504673
 0.5607476635514018
 0.3738317757009346
 0.1869158878504673
 0.09345794392523366
 0.09345794392523366
 0.2803738317757009
 0.1869158878504673
 0.09345794392523366
 0.09345794392523366
 0.09345794392523366
 0.09345794392523366
 0.1869158878504673
 0.1869158878504673
 0.1869158878504673
 0.3738317757009346
 0.09345794392523366
 0.09345794392523366
 0.09345794392523366
 0.09345794392523366
 0.09345794392523366
 0.09345794392523366
 0.09345794392523366
 0.09345794392523366
 0.09345794392523366
 0.09345794392523366
 0.09345794392523366
 0.09345794392523366
 0.09345794392523366
 0.09345794392523366
 0.09345794392523366
 0.09345794392523366
 0.09345794392523366
 0.1869158878504673
 0.09345794392523366
 0.09345794392523366
 0.09345794392523366
 0.09345794392523366
 0.09345794392523366
 0.09345794392523366
 0.09345794392523366
 0.09345794392523366
 0.09345794392523366
 0.09345794392523366
 0.09345794392523366
 0.09345794392523366
 0.09345794392523366
 0.09345794392523366
 0.09345794392523366
 0.09345794392523366
 0.09345794392523366
 0.09345794392523366
 0.09345794392523366
 0.09345794392523366
 0.09345794392523366
 0.09345794392523366
 0.09345794392523366
 0.09345794392523366
 0.09345794392523366
 0.09345794392523366
 0.09345794392523366
 0.09345794392523366
 0.09345794392523366
 0.09345794392523366
 0.09345794392523366
 0.09345794392523366
 0.09345794392523366
 0.09345794392523366
 0.09345794392523366
 0.09345794392523366
 0.09345794392523366
 0.09345794392523366
 0.09345794392523366
 0.1869158878504673
 0.09345794392523366
 0.09345794392523366
 0.09345794392523366
 0.09345794392523366
 0.09345794392523366
 0.09345794392523366
 0.09345794392523366
 0.09345794392523366
 0.09345794392523366
 0.09345794392523366
 0.09345794392523366
 0.09345794392523366
 0.09345794392523366
 0.09345794392523366
 0.09345794392523366
 0.09345794392523366
 0.09345794392523366
 0.09345794392523366
 0.09345794392523366
 0.09345794392523366
 0.09345794392523366
 0.09345794392523366
 0.09345794392523366
 0.09345794392523366
 0.09345794392523366
 0.09345794392523366
 0.09345794392523366
 0.09345794392523366


