 48.10996563573883
 8.676975945017182
 0.0859106529209622
 0.0859106529209622
 0.0859106529209622
 0.1718213058419244
 8.59106529209622
 2.31958762886598
 0.0859106529209622
 0.0859106529209622
 0.0859106529209622
 0.0859106529209622
 0.0859106529209622
 0.0859106529209622
 0.0859106529209622
 0.0859106529209622
 0.0859106529209622
 0.0859106529209622
 0.0859106529209622
 0.0859106529209622
 0.0859106529209622
 0.0859106529209622
 0.0859106529209622
 0.0859106529209622
 0.0859106529209622
 0.0859106529209622
 0.0859106529209622
 0.0859106529209622
 0.0859106529209622
 0.0859106529209622
 0.1718213058419244
 0.0859106529209622
 0.0859106529209622
 0.0859106529209622
 0.0859106529209622
 0.0859106529209622
 8.762886597938143
 2.147766323024055
 0.0859106529209622
 0.0859106529209622
 0.0859106529209622
 0.0859106529209622
 2.31958762886598
 0.9450171821305842
 0.0859106529209622
 0.0859106529209622
 0.0859106529209622
 0.0859106529209622
 0.0859106529209622
 0.0859106529209622
 0.0859106529209622
 0.0859106529209622
 0.0859106529209622
 0.0859106529209622
 0.0859106529209622
 0.0859106529209622
 0.0859106529209622
 0.0859106529209622
 0.0859106529209622
 0.0859106529209622
 0.0859106529209622
 0.0859106529209622
 0.0859106529209622
 0.0859106529209622
 0.0859106529209622
 0.0859106529209622
 0.0859106529209622
 0.0859106529209622
 0.0859106529209622
 0.0859106529209622
 0.0859106529209622
 0.0859106529209622
 0.0859106529209622
 0.0859106529209622
 0.0859106529209622
 0.0859106529209622
 0.0859106529209622
 0.0859106529209622
 0.0859106529209622
 0.0859106529209622
 0.0859106529209622
 0.0859106529209622
 0.0859106529209622
 0.0859106529209622
 0.0859106529209622
 0.0859106529209622
 0.0859106529209622
 0.0859106529209622
 0.0859106529209622
 0.0859106529209622
 0.0859106529209622
 0.0859106529209622
 0.0859106529209622
 0.0859106529209622
 0.0859106529209622
 0.0859106529209622
 0.0859106529209622
 0.0859106529209622
 0.0859106529209622
 0.0859106529209622
 0.0859106529209622
 0.0859106529209622
 0.0859106529209622
 0.0859106529209622
 0.0859106529209622
 0.0859106529209622
 0.0859106529209622
 0.0859106529209622
 0.0859106529209622
 0.0859106529209622
 0.0859106529209622
 0.0859106529209622
 0.0859106529209622
 0.0859106529209622
 0.0859106529209622
 0.0859106529209622
 0.0859106529209622
 0.0859106529209622
 0.0859106529209622
 0.0859106529209622
 0.0859106529209622
 0.0859106529209622
 0.0859106529209622
 0.0859106529209622
 0.0859106529209622
 0.0859106529209622
 0.0859106529209622
 0.0859106529209622
 0.0859106529209622
 0.0859106529209622
 0.0859106529209622
 0.0859106529209622
 0.0859106529209622
 0.0859106529209622
 0.0859106529209622
 0.0859106529209622
 0.0859106529209622
 0.0859106529209622
 0.0859106529209622
 0.0859106529209622
 0.0859106529209622
 0.0859106529209622
 0.0859106529209622
 0.0859106529209622
 0.0859106529209622
 0.0859106529209622
 0.0859106529209622
 0.0859106529209622
 0.0859106529209622
 0.0859106529209622
 0.0859106529209622
 0.0859106529209622
 0.0859106529209622
 0.0859106529209622
 0.0859106529209622
 0.0859106529209622
 0.0859106529209622
 0.0859106529209622
 0.0859106529209622
 0.0859106529209622
 0.0859106529209622
 0.0859106529209622
 0.0859106529209622
 0.0859106529209622
 0.0859106529209622
 0.0859106529209622
 0.0859106529209622
 0.0859106529209622
 0.0859106529209622
 0.0859106529209622
 0.0859106529209622
 0.0859106529209622
 0.0859106529209622
 0.0859106529209622
 0.0859106529209622
 0.0859106529209622
 0.0859106529209622
 0.0859106529209622
 0.0859106529209622
 0.0859106529209622
 0.0859106529209622
 0.1718213058419244
 0.0859106529209622
 0.0859106529209622
 0.0859106529209622
 0.0859106529209622
 0.0859106529209622
 0.0859106529209622
 0.0859106529209622
 0.0859106529209622
 0.0859106529209622
 0.0859106529209622
 0.0859106529209622
 0.0859106529209622
 0.0859106529209622
 0.0859106529209622
 0.0859106529209622
 0.0859106529209622
 0.0859106529209622
 0.0859106529209622
 0.0859106529209622
 0.0859106529209622
 0.0859106529209622
 0.0859106529209622
 0.0859106529209622
 0.0859106529209622
 0.0859106529209622
 0.0859106529209622
 0.0859106529209622
 0.0859106529209622
 0.0859106529209622
 0.0859106529209622
 0.0859106529209622
 0.0859106529209622
 0.0859106529209622
 0.0859106529209622


