 46.71314741035857
 8.665338645418327
 0.099601593625498
 0.099601593625498
 0.099601593625498
 0.199203187250996
 8.266932270916334
 2.091633466135458
 0.099601593625498
 0.099601593625498
 0.099601593625498
 0.099601593625498
 0.099601593625498
 0.099601593625498
 0.099601593625498
 0.099601593625498
 0.099601593625498
 0.099601593625498
 0.099601593625498
 0.099601593625498
 0.099601593625498
 0.099601593625498
 0.099601593625498
 0.099601593625498
 0.099601593625498
 0.099601593625498
 0.099601593625498
 0.099601593625498
 0.099601593625498
 0.099601593625498
 0.199203187250996
 0.099601593625498
 0.099601593625498
 0.099601593625498
 0.099601593625498
 0.099601593625498
 8.764940239043826
 1.593625498007968
 0.099601593625498
 0.099601593625498
 0.099601593625498
 0.099601593625498
 2.091633466135458
 0.796812749003984
 0.099601593625498
 0.099601593625498
 0.099601593625498
 0.099601593625498
 0.099601593625498
 0.099601593625498
 0.099601593625498
 0.099601593625498
 0.099601593625498
 0.099601593625498
 0.099601593625498
 0.099601593625498
 0.099601593625498
 0.099601593625498
 0.099601593625498
 0.099601593625498
 0.099601593625498
 0.099601593625498
 0.099601593625498
 0.099601593625498
 0.099601593625498
 0.099601593625498
 0.099601593625498
 0.099601593625498
 0.099601593625498
 0.099601593625498
 0.099601593625498
 0.099601593625498
 0.099601593625498
 0.099601593625498
 0.099601593625498
 0.099601593625498
 0.099601593625498
 0.099601593625498
 0.099601593625498
 0.099601593625498
 0.099601593625498
 0.099601593625498
 0.099601593625498
 0.099601593625498
 0.099601593625498
 0.099601593625498
 0.099601593625498
 0.099601593625498
 0.099601593625498
 0.099601593625498
 0.099601593625498
 0.099601593625498
 0.099601593625498
 0.099601593625498
 0.099601593625498
 0.099601593625498
 0.099601593625498
 0.099601593625498
 0.099601593625498
 0.099601593625498
 0.099601593625498
 0.099601593625498
 0.099601593625498
 0.099601593625498
 0.099601593625498
 0.099601593625498
 0.099601593625498
 0.099601593625498
 0.099601593625498
 0.099601593625498
 0.099601593625498
 0.099601593625498
 0.099601593625498
 0.099601593625498
 0.099601593625498
 0.099601593625498
 0.099601593625498
 0.099601593625498
 0.099601593625498
 0.099601593625498
 0.099601593625498
 0.099601593625498
 0.099601593625498
 0.099601593625498
 0.099601593625498
 0.099601593625498
 0.099601593625498
 0.099601593625498
 0.099601593625498
 0.099601593625498
 0.099601593625498
 0.099601593625498
 0.099601593625498
 0.099601593625498
 0.099601593625498
 0.099601593625498
 0.099601593625498
 0.099601593625498
 0.099601593625498
 0.099601593625498
 0.099601593625498
 0.099601593625498
 0.099601593625498
 0.099601593625498
 0.099601593625498
 0.099601593625498
 0.099601593625498
 0.099601593625498
 0.099601593625498
 0.099601593625498
 0.099601593625498
 0.099601593625498
 0.099601593625498
 0.099601593625498
 0.099601593625498
 0.099601593625498
 0.099601593625498
 0.099601593625498
 0.099601593625498
 0.099601593625498
 0.099601593625498
 0.099601593625498
 0.099601593625498
 0.099601593625498
 0.099601593625498
 0.099601593625498
 0.099601593625498
 0.099601593625498
 0.099601593625498
 0.099601593625498
 0.099601593625498
 0.099601593625498
 0.099601593625498
 0.099601593625498
 0.099601593625498
 0.099601593625498
 0.099601593625498
 0.099601593625498
 0.099601593625498
 0.099601593625498
 0.099601593625498
 0.199203187250996
 0.099601593625498
 0.099601593625498
 0.099601593625498
 0.099601593625498
 0.099601593625498
 0.099601593625498
 0.099601593625498
 0.099601593625498
 0.099601593625498
 0.099601593625498
 0.099601593625498
 0.099601593625498
 0.099601593625498
 0.099601593625498
 0.099601593625498
 0.099601593625498
 0.099601593625498
 0.099601593625498
 0.099601593625498
 0.099601593625498
 0.099601593625498
 0.099601593625498
 0.099601593625498
 0.099601593625498
 0.099601593625498
 0.099601593625498
 0.099601593625498
 0.099601593625498
 0.099601593625498
 0.099601593625498
 0.099601593625498
 0.099601593625498
 0.099601593625498
 0.099601593625498


