 0.2053388090349076
 0.4106776180698152
 0.3080082135523614
 0.4106776180698152
 0.1026694045174538
 0.1026694045174538
 0.3080082135523614
 0.2053388090349076
 0.4106776180698152
 0.3080082135523614
 0.1026694045174538
 0.1026694045174538
 0.2053388090349076
 0.1026694045174538
 0.4106776180698152
 0.6160164271047228
 0.2053388090349076
 0.1026694045174538
 0.1026694045174538
 0.2053388090349076
 0.4106776180698152
 0.3080082135523614
 0.2053388090349076
 0.2053388090349076
 0.1026694045174538
 0.1026694045174538
 0.1026694045174538
 0.1026694045174538
 0.1026694045174538
 0.1026694045174538
 0.1026694045174538
 0.1026694045174538
 0.1026694045174538
 0.1026694045174538
 0.1026694045174538
 0.1026694045174538
 0.1026694045174538
 0.1026694045174538
 0.4106776180698152
 0.2053388090349076
 0.1026694045174538
 0.1026694045174538
 0.1026694045174538
 0.2053388090349076
 0.7186858316221766
 0.5133470225872689
 0.2053388090349076
 0.1026694045174538
 0.2053388090349076
 0.9240246406570842
 2.258726899383984
 1.642710472279261
 0.5133470225872689
 0.2053388090349076
 0.3080082135523614
 0.7186858316221766
 1.129363449691992
 0.4106776180698152
 0.2053388090349076
 0.1026694045174538
 0.1026694045174538
 0.1026694045174538
 0.2053388090349076
 0.3080082135523614
 0.1026694045174538
 0.2053388090349076
 0.1026694045174538
 0.1026694045174538
 0.1026694045174538
 0.1026694045174538
 0.2053388090349076
 0.1026694045174538
 0.6160164271047228
 0.3080082135523614
 0.4106776180698152
 0.3080082135523614
 0.1026694045174538
 0.1026694045174538
 0.3080082135523614
 0.6160164271047228
 2.566735112936345
 0.9240246406570842
 0.2053388090349076
 0.2053388090349076
 0.4106776180698152
 2.464065708418891
 21.45790554414784
 4.106776180698152
 0.7186858316221766
 0.2053388090349076
 0.6160164271047228
 1.026694045174538
 4.209445585215605
 2.15605749486653
 0.6160164271047228
 0.2053388090349076
 0.2053388090349076
 0.5133470225872689
 0.8213552361396305
 0.3080082135523614
 0.2053388090349076
 0.2053388090349076
 0.1026694045174538
 0.2053388090349076
 0.1026694045174538
 0.3080082135523614
 0.2053388090349076
 0.1026694045174538
 0.3080082135523614
 0.4106776180698152
 0.3080082135523614
 0.3080082135523614
 0.1026694045174538
 0.1026694045174538
 0.1026694045174538
 0.5133470225872689
 1.334702258726899
 0.5133470225872689
 0.3080082135523614
 0.1026694045174538
 0.5133470225872689
 0.7186858316221766
 4.517453798767967
 1.848049281314168
 0.5133470225872689
 0.3080082135523614
 0.2053388090349076
 0.6160164271047228
 2.053388090349076
 1.026694045174538
 0.1026694045174538
 0.1026694045174538
 0.1026694045174538
 0.3080082135523614
 0.6160164271047228
 0.1026694045174538
 0.1026694045174538
 0.2053388090349076
 0.1026694045174538
 0.1026694045174538
 0.2053388090349076
 0.1026694045174538
 0.2053388090349076
 0.1026694045174538
 0.2053388090349076
 0.1026694045174538
 0.1026694045174538
 0.1026694045174538
 0.1026694045174538
 0.1026694045174538
 0.1026694045174538
 0.2053388090349076
 0.5133470225872689
 0.5133470225872689
 0.1026694045174538
 0.1026694045174538
 0.4106776180698152
 0.3080082135523614
 0.4106776180698152
 0.6160164271047228
 0.1026694045174538
 0.1026694045174538
 0.2053388090349076
 0.2053388090349076
 0.3080082135523614
 0.1026694045174538
 0.1026694045174538
 0.1026694045174538
 0.1026694045174538
 0.2053388090349076
 0.1026694045174538
 0.1026694045174538
 0.2053388090349076
 0.1026694045174538
 0.1026694045174538
 0.1026694045174538
 0.4106776180698152
 0.2053388090349076
 0.2053388090349076
 0.1026694045174538
 0.1026694045174538
 0.1026694045174538
 0.1026694045174538
 0.1026694045174538
 0.1026694045174538
 0.1026694045174538
 0.1026694045174538
 0.1026694045174538
 0.2053388090349076
 0.1026694045174538
 0.1026694045174538
 0.1026694045174538
 0.1026694045174538
 0.3080082135523614
 0.2053388090349076
 0.1026694045174538
 0.2053388090349076
 0.1026694045174538
 0.1026694045174538
 0.1026694045174538
 0.3080082135523614
 0.1026694045174538
 0.2053388090349076
 0.1026694045174538
 0.1026694045174538
 0.3080082135523614
 0.1026694045174538
 0.1026694045174538
 0.1026694045174538
 0.3080082135523614
 0.1026694045174538
 0.1026694045174538
 0.1026694045174538
 0.1026694045174538
 0.1026694045174538
 0.1026694045174538


