 0.5371530886302597
 0.8057296329453895
 0.2685765443151298
 0.08952551477170993
 0.08952551477170993
 0.08952551477170993
 0.6266786034019696
 4.028648164726947
 0.5371530886302597
 0.08952551477170993
 0.08952551477170993
 0.08952551477170993
 0.1790510295434199
 0.6266786034019696
 0.3581020590868397
 0.08952551477170993
 0.08952551477170993
 0.08952551477170993
 0.08952551477170993
 0.08952551477170993
 0.08952551477170993
 0.08952551477170993
 0.08952551477170993
 0.08952551477170993
 0.08952551477170993
 0.08952551477170993
 0.08952551477170993
 0.08952551477170993
 0.08952551477170993
 0.08952551477170993
 0.08952551477170993
 0.08952551477170993
 0.08952551477170993
 0.08952551477170993
 0.08952551477170993
 0.08952551477170993
 0.8057296329453895
 3.849597135183527
 0.6266786034019696
 0.08952551477170993
 0.08952551477170993
 0.08952551477170993
 3.939122649955237
 52.46195165622203
 2.506714413607878
 0.08952551477170993
 0.08952551477170993
 0.2685765443151298
 0.4476275738585497
 2.417188898836168
 0.8057296329453895
 0.08952551477170993
 0.08952551477170993
 0.08952551477170993
 0.08952551477170993
 0.08952551477170993
 0.08952551477170993
 0.08952551477170993
 0.08952551477170993
 0.08952551477170993
 0.08952551477170993
 0.08952551477170993
 0.08952551477170993
 0.08952551477170993
 0.08952551477170993
 0.08952551477170993
 0.1790510295434199
 0.1790510295434199
 0.08952551477170993
 0.08952551477170993
 0.08952551477170993
 0.08952551477170993
 0.2685765443151298
 0.4476275738585497
 0.2685765443151298
 0.08952551477170993
 0.08952551477170993
 0.08952551477170993
 0.7162041181736795
 2.506714413607878
 0.6266786034019696
 0.08952551477170993
 0.08952551477170993
 0.08952551477170993
 0.3581020590868397
 0.8057296329453895
 0.7162041181736795
 0.08952551477170993
 0.08952551477170993
 0.08952551477170993
 0.08952551477170993
 0.08952551477170993
 0.08952551477170993
 0.08952551477170993
 0.08952551477170993
 0.08952551477170993
 0.08952551477170993
 0.08952551477170993
 0.08952551477170993
 0.08952551477170993
 0.08952551477170993
 0.08952551477170993
 0.08952551477170993
 0.08952551477170993
 0.08952551477170993
 0.08952551477170993
 0.08952551477170993
 0.08952551477170993
 0.08952551477170993
 0.08952551477170993
 0.08952551477170993
 0.08952551477170993
 0.08952551477170993
 0.08952551477170993
 0.08952551477170993
 0.08952551477170993
 0.08952551477170993
 0.08952551477170993
 0.08952551477170993
 0.08952551477170993
 0.08952551477170993
 0.08952551477170993
 0.08952551477170993
 0.08952551477170993
 0.08952551477170993
 0.08952551477170993
 0.08952551477170993
 0.08952551477170993
 0.08952551477170993
 0.08952551477170993
 0.08952551477170993
 0.08952551477170993
 0.08952551477170993
 0.08952551477170993
 0.08952551477170993
 0.08952551477170993
 0.08952551477170993
 0.08952551477170993
 0.08952551477170993
 0.08952551477170993
 0.08952551477170993
 0.08952551477170993
 0.08952551477170993
 0.08952551477170993
 0.08952551477170993
 0.08952551477170993
 0.08952551477170993
 0.08952551477170993
 0.08952551477170993
 0.08952551477170993
 0.08952551477170993
 0.08952551477170993
 0.08952551477170993
 0.08952551477170993
 0.08952551477170993
 0.08952551477170993
 0.08952551477170993
 0.08952551477170993
 0.08952551477170993
 0.08952551477170993
 0.08952551477170993
 0.08952551477170993
 0.08952551477170993
 0.08952551477170993
 0.08952551477170993
 0.08952551477170993
 0.08952551477170993
 0.08952551477170993
 0.08952551477170993
 0.08952551477170993
 0.08952551477170993
 0.08952551477170993
 0.08952551477170993
 0.08952551477170993
 0.08952551477170993
 0.08952551477170993
 0.08952551477170993
 0.08952551477170993
 0.08952551477170993
 0.08952551477170993
 0.08952551477170993
 0.1790510295434199
 0.08952551477170993
 0.08952551477170993
 0.08952551477170993
 0.08952551477170993
 0.08952551477170993
 0.1790510295434199
 0.08952551477170993
 0.08952551477170993
 0.08952551477170993
 0.08952551477170993
 0.08952551477170993
 0.08952551477170993
 0.08952551477170993
 0.08952551477170993
 0.08952551477170993
 0.08952551477170993
 0.08952551477170993
 0.08952551477170993
 0.08952551477170993
 0.08952551477170993
 0.08952551477170993
 0.08952551477170993
 0.08952551477170993
 0.08952551477170993
 0.08952551477170993
 0.08952551477170993
 0.08952551477170993
 0.08952551477170993
 0.08952551477170993
 0.08952551477170993
 0.08952551477170993
 0.08952551477170993
 0.08952551477170993
 0.08952551477170993


