 0.03894080996884735
 0.03894080996884735
 0.03894080996884735
 0.03894080996884735
 0.03894080996884735
 0.03894080996884735
 0.03894080996884735
 0.03894080996884735
 0.0778816199376947
 0.0778816199376947
 0.03894080996884735
 0.03894080996884735
 0.03894080996884735
 0.03894080996884735
 0.0778816199376947
 0.1557632398753894
 0.03894080996884735
 0.03894080996884735
 0.03894080996884735
 0.03894080996884735
 0.03894080996884735
 0.1557632398753894
 0.03894080996884735
 0.03894080996884735
 0.03894080996884735
 0.03894080996884735
 0.03894080996884735
 0.03894080996884735
 0.03894080996884735
 0.03894080996884735
 0.03894080996884735
 0.03894080996884735
 0.03894080996884735
 0.03894080996884735
 0.03894080996884735
 0.03894080996884735
 0.03894080996884735
 0.0778816199376947
 0.03894080996884735
 0.03894080996884735
 0.03894080996884735
 0.03894080996884735
 0.03894080996884735
 0.03894080996884735
 0.116822429906542
 0.116822429906542
 0.03894080996884735
 0.03894080996884735
 0.03894080996884735
 0.1557632398753894
 0.5451713395638629
 0.8566978193146416
 0.0778816199376947
 0.03894080996884735
 0.03894080996884735
 0.2336448598130841
 0.6230529595015576
 0.5841121495327103
 0.1557632398753894
 0.03894080996884735
 0.03894080996884735
 0.0778816199376947
 0.0778816199376947
 0.0778816199376947
 0.03894080996884735
 0.0778816199376947
 0.03894080996884735
 0.03894080996884735
 0.03894080996884735
 0.03894080996884735
 0.03894080996884735
 0.03894080996884735
 0.03894080996884735
 0.03894080996884735
 0.1557632398753894
 0.03894080996884735
 0.03894080996884735
 0.03894080996884735
 0.0778816199376947
 0.1557632398753894
 0.3504672897196262
 0.5062305295950156
 0.0778816199376947
 0.03894080996884735
 0.0778816199376947
 0.3894080996884735
 9.073208722741432
 9.384735202492212
 0.2725856697819314
 0.116822429906542
 0.0778816199376947
 0.8177570093457943
 9.073208722741432
 9.696261682242991
 0.3894080996884735
 0.0778816199376947
 0.0778816199376947
 0.1557632398753894
 0.2336448598130841
 0.3115264797507788
 0.03894080996884735
 0.03894080996884735
 0.03894080996884735
 0.03894080996884735
 0.0778816199376947
 0.0778816199376947
 0.03894080996884735
 0.03894080996884735
 0.03894080996884735
 0.03894080996884735
 0.0778816199376947
 0.116822429906542
 0.03894080996884735
 0.03894080996884735
 0.03894080996884735
 0.0778816199376947
 0.895638629283489
 0.778816199376947
 0.1557632398753894
 0.03894080996884735
 0.0778816199376947
 0.4672897196261682
 9.151090342679128
 9.384735202492212
 0.3894080996884735
 0.03894080996884735
 0.0778816199376947
 0.7009345794392523
 9.190031152647975
 11.99376947040498
 0.7009345794392523
 0.03894080996884735
 0.0778816199376947
 0.116822429906542
 0.4283489096573208
 0.5841121495327103
 0.1947040498442368
 0.03894080996884735
 0.03894080996884735
 0.03894080996884735
 0.03894080996884735
 0.03894080996884735
 0.0778816199376947
 0.03894080996884735
 0.03894080996884735
 0.0778816199376947
 0.03894080996884735
 0.0778816199376947
 0.03894080996884735
 0.03894080996884735
 0.03894080996884735
 0.03894080996884735
 0.2336448598130841
 0.1557632398753894
 0.03894080996884735
 0.03894080996884735
 0.0778816199376947
 0.116822429906542
 0.3504672897196262
 0.3115264797507788
 0.03894080996884735
 0.03894080996884735
 0.0778816199376947
 0.116822429906542
 0.5451713395638629
 0.2336448598130841
 0.116822429906542
 0.03894080996884735
 0.03894080996884735
 0.116822429906542
 0.116822429906542
 0.03894080996884735
 0.03894080996884735
 0.03894080996884735
 0.03894080996884735
 0.03894080996884735
 0.0778816199376947
 0.03894080996884735
 0.03894080996884735
 0.03894080996884735
 0.03894080996884735
 0.03894080996884735
 0.03894080996884735
 0.03894080996884735
 0.03894080996884735
 0.03894080996884735
 0.03894080996884735
 0.03894080996884735
 0.03894080996884735
 0.03894080996884735
 0.03894080996884735
 0.03894080996884735
 0.03894080996884735
 0.03894080996884735
 0.116822429906542
 0.03894080996884735
 0.03894080996884735
 0.03894080996884735
 0.03894080996884735
 0.0778816199376947
 0.03894080996884735
 0.03894080996884735
 0.03894080996884735
 0.03894080996884735
 0.03894080996884735
 0.03894080996884735
 0.03894080996884735
 0.0778816199376947
 0.03894080996884735
 0.03894080996884735
 0.03894080996884735
 0.03894080996884735
 0.03894080996884735
 0.03894080996884735
 0.03894080996884735
 0.03894080996884735


