 0.1052631578947368
 0.1052631578947368
 0.1052631578947368
 0.05263157894736842
 0.05263157894736842
 0.05263157894736842
 0.05263157894736842
 0.05263157894736842
 0.05263157894736842
 0.2105263157894737
 0.1052631578947368
 0.05263157894736842
 0.05263157894736842
 0.05263157894736842
 0.2631578947368421
 0.3157894736842105
 0.05263157894736842
 0.05263157894736842
 0.1052631578947368
 0.05263157894736842
 0.1578947368421053
 0.1578947368421053
 0.1052631578947368
 0.1052631578947368
 0.1052631578947368
 0.05263157894736842
 0.1052631578947368
 0.05263157894736842
 0.05263157894736842
 0.05263157894736842
 0.05263157894736842
 0.05263157894736842
 0.05263157894736842
 0.05263157894736842
 0.05263157894736842
 0.1052631578947368
 0.1052631578947368
 0.05263157894736842
 0.1052631578947368
 0.05263157894736842
 0.1052631578947368
 0.05263157894736842
 0.05263157894736842
 0.1052631578947368
 0.2105263157894737
 0.1578947368421053
 0.05263157894736842
 0.05263157894736842
 0.2105263157894737
 0.1578947368421053
 0.7368421052631579
 0.631578947368421
 0.1052631578947368
 0.05263157894736842
 0.1052631578947368
 0.2631578947368421
 0.9473684210526316
 0.5789473684210527
 0.1052631578947368
 0.1052631578947368
 0.05263157894736842
 0.1052631578947368
 0.05263157894736842
 0.1578947368421053
 0.05263157894736842
 0.05263157894736842
 0.05263157894736842
 0.05263157894736842
 0.05263157894736842
 0.05263157894736842
 0.2105263157894737
 0.05263157894736842
 0.05263157894736842
 0.05263157894736842
 0.3157894736842105
 0.2105263157894737
 0.1052631578947368
 0.1052631578947368
 0.1052631578947368
 0.1052631578947368
 0.631578947368421
 0.7894736842105263
 0.1052631578947368
 0.1578947368421053
 0.1578947368421053
 0.631578947368421
 9.315789473684211
 8.736842105263158
 1.157894736842105
 0.2105263157894737
 0.2105263157894737
 0.7894736842105263
 9.105263157894736
 7.105263157894736
 0.7368421052631579
 0.1052631578947368
 0.1578947368421053
 0.1578947368421053
 0.8947368421052631
 0.8421052631578947
 0.2105263157894737
 0.1052631578947368
 0.05263157894736842
 0.1052631578947368
 0.1578947368421053
 0.3157894736842105
 0.1578947368421053
 0.1052631578947368
 0.05263157894736842
 0.1052631578947368
 0.1578947368421053
 0.2105263157894737
 0.05263157894736842
 0.05263157894736842
 0.05263157894736842
 0.2105263157894737
 0.8421052631578947
 0.6842105263157895
 0.1052631578947368
 0.05263157894736842
 0.2105263157894737
 0.7368421052631579
 8.789473684210526
 7.684210526315789
 0.8421052631578947
 0.4210526315789473
 0.1052631578947368
 0.5789473684210527
 7.157894736842104
 4.157894736842105
 0.6842105263157895
 0.1052631578947368
 0.05263157894736842
 0.1578947368421053
 0.5789473684210527
 0.8947368421052631
 0.1578947368421053
 0.1052631578947368
 0.05263157894736842
 0.05263157894736842
 0.1052631578947368
 0.1052631578947368
 0.05263157894736842
 0.1578947368421053
 0.1052631578947368
 0.1052631578947368
 0.05263157894736842
 0.1052631578947368
 0.05263157894736842
 0.05263157894736842
 0.1052631578947368
 0.05263157894736842
 0.1052631578947368
 0.2105263157894737
 0.05263157894736842
 0.1052631578947368
 0.1578947368421053
 0.2105263157894737
 0.8947368421052631
 0.5263157894736842
 0.1578947368421053
 0.05263157894736842
 0.05263157894736842
 0.1578947368421053
 1.157894736842105
 0.5789473684210527
 0.2631578947368421
 0.05263157894736842
 0.05263157894736842
 0.1052631578947368
 0.2631578947368421
 0.1052631578947368
 0.05263157894736842
 0.05263157894736842
 0.05263157894736842
 0.1052631578947368
 0.05263157894736842
 0.05263157894736842
 0.05263157894736842
 0.1052631578947368
 0.05263157894736842
 0.1052631578947368
 0.05263157894736842
 0.05263157894736842
 0.05263157894736842
 0.05263157894736842
 0.1052631578947368
 0.1052631578947368
 0.05263157894736842
 0.05263157894736842
 0.05263157894736842
 0.05263157894736842
 0.05263157894736842
 0.1052631578947368
 0.2105263157894737
 0.1578947368421053
 0.05263157894736842
 0.1052631578947368
 0.1052631578947368
 0.1052631578947368
 0.1052631578947368
 0.2105263157894737
 0.05263157894736842
 0.05263157894736842
 0.05263157894736842
 0.05263157894736842
 0.1052631578947368
 0.2105263157894737
 0.1052631578947368
 0.05263157894736842
 0.1052631578947368
 0.05263157894736842
 0.2631578947368421
 0.05263157894736842
 0.05263157894736842
 0.2631578947368421


