 0.4147812971342383
 0.1131221719457014
 0.1885369532428356
 0.1131221719457014
 0.1508295625942685
 0.03770739064856712
 0.07541478129713425
 0.03770739064856712
 0.1508295625942685
 0.1508295625942685
 0.1131221719457014
 0.07541478129713425
 0.1131221719457014
 0.1131221719457014
 0.603318250377074
 0.301659125188537
 0.07541478129713425
 0.03770739064856712
 0.03770739064856712
 0.1131221719457014
 0.07541478129713425
 0.1131221719457014
 0.1131221719457014
 0.1885369532428356
 0.1131221719457014
 0.07541478129713425
 0.1508295625942685
 0.1131221719457014
 0.03770739064856712
 0.03770739064856712
 0.03770739064856712
 0.03770739064856712
 0.03770739064856712
 0.07541478129713425
 0.07541478129713425
 0.03770739064856712
 0.07541478129713425
 0.07541478129713425
 0.2262443438914027
 0.03770739064856712
 0.03770739064856712
 0.07541478129713425
 0.1131221719457014
 0.07541478129713425
 0.1885369532428356
 0.1131221719457014
 0.1131221719457014
 0.03770739064856712
 0.2262443438914027
 0.1508295625942685
 1.093514328808446
 1.055806938159879
 0.301659125188537
 0.1508295625942685
 0.1131221719457014
 0.1885369532428356
 0.641025641025641
 0.641025641025641
 0.2262443438914027
 0.1885369532428356
 0.07541478129713425
 0.07541478129713425
 0.1508295625942685
 0.2262443438914027
 0.03770739064856712
 0.07541478129713425
 0.03770739064856712
 0.03770739064856712
 0.07541478129713425
 0.1131221719457014
 0.03770739064856712
 0.07541478129713425
 0.1508295625942685
 0.07541478129713425
 0.4524886877828055
 0.1131221719457014
 0.07541478129713425
 0.07541478129713425
 0.1131221719457014
 0.1885369532428356
 0.6787330316742082
 0.5279034690799397
 0.1885369532428356
 0.1131221719457014
 0.2262443438914027
 0.5656108597285068
 10.52036199095023
 6.67420814479638
 1.018099547511312
 0.4901960784313725
 0.3770739064856712
 0.9803921568627451
 5.542986425339366
 6.447963800904978
 1.206636500754148
 0.4524886877828055
 0.03770739064856712
 0.301659125188537
 0.5279034690799397
 0.8672699849170438
 0.1885369532428356
 0.3393665158371041
 0.03770739064856712
 0.1131221719457014
 0.4147812971342383
 0.2639517345399698
 0.1131221719457014
 0.2639517345399698
 0.1885369532428356
 0.1508295625942685
 0.2639517345399698
 0.2639517345399698
 0.1508295625942685
 0.03770739064856712
 0.1131221719457014
 0.2262443438914027
 1.432880844645551
 0.8672699849170438
 0.1131221719457014
 0.07541478129713425
 0.2639517345399698
 0.7164404223227753
 5.920060331825037
 5.769230769230769
 0.5279034690799397
 0.3393665158371041
 0.3393665158371041
 1.055806938159879
 5.920060331825037
 6.372549019607843
 0.603318250377074
 0.2639517345399698
 0.1508295625942685
 0.2639517345399698
 0.8295625942684767
 1.018099547511312
 0.1885369532428356
 0.1508295625942685
 0.03770739064856712
 0.1885369532428356
 0.4524886877828055
 0.3393665158371041
 0.1508295625942685
 0.1508295625942685
 0.1508295625942685
 0.07541478129713425
 0.07541478129713425
 0.07541478129713425
 0.03770739064856712
 0.03770739064856712
 0.03770739064856712
 0.07541478129713425
 0.4147812971342383
 0.2639517345399698
 0.03770739064856712
 0.03770739064856712
 0.03770739064856712
 0.1885369532428356
 0.641025641025641
 0.8295625942684767
 0.1885369532428356
 0.1131221719457014
 0.07541478129713425
 0.3393665158371041
 1.018099547511312
 0.6787330316742082
 0.3393665158371041
 0.07541478129713425
 0.03770739064856712
 0.07541478129713425
 0.2262443438914027
 0.1508295625942685
 0.03770739064856712
 0.07541478129713425
 0.1131221719457014
 0.03770739064856712
 0.1508295625942685
 0.2262443438914027
 0.07541478129713425
 0.1131221719457014
 0.03770739064856712
 0.1131221719457014
 0.03770739064856712
 0.03770739064856712
 0.07541478129713425
 0.03770739064856712
 0.07541478129713425
 0.03770739064856712
 0.1508295625942685
 0.07541478129713425
 0.07541478129713425
 0.03770739064856712
 0.07541478129713425
 0.07541478129713425
 0.7164404223227753
 0.3770739064856712
 0.1508295625942685
 0.07541478129713425
 0.1131221719457014
 0.1131221719457014
 0.3393665158371041
 0.301659125188537
 0.1131221719457014
 0.1508295625942685
 0.03770739064856712
 0.07541478129713425
 0.1131221719457014
 0.1508295625942685
 0.1131221719457014
 0.03770739064856712
 0.07541478129713425
 0.03770739064856712
 0.3393665158371041
 0.1131221719457014
 0.07541478129713425
 0.1508295625942685


