 0.03775009437523594
 0.03775009437523594
 0.03775009437523594
 0.03775009437523594
 0.03775009437523594
 0.03775009437523594
 0.03775009437523594
 0.03775009437523594
 0.03775009437523594
 0.03775009437523594
 0.03775009437523594
 0.03775009437523594
 0.03775009437523594
 0.03775009437523594
 0.03775009437523594
 0.03775009437523594
 0.03775009437523594
 0.03775009437523594
 0.03775009437523594
 0.03775009437523594
 0.03775009437523594
 0.03775009437523594
 0.07550018875047187
 0.03775009437523594
 0.03775009437523594
 0.03775009437523594
 0.03775009437523594
 0.03775009437523594
 0.03775009437523594
 0.03775009437523594
 0.03775009437523594
 0.03775009437523594
 0.03775009437523594
 0.03775009437523594
 0.03775009437523594
 0.03775009437523594
 0.03775009437523594
 0.03775009437523594
 0.03775009437523594
 0.03775009437523594
 0.03775009437523594
 0.03775009437523594
 0.03775009437523594
 0.03775009437523594
 0.03775009437523594
 0.03775009437523594
 0.03775009437523594
 0.03775009437523594
 0.03775009437523594
 0.03775009437523594
 0.03775009437523594
 0.03775009437523594
 0.03775009437523594
 0.03775009437523594
 0.03775009437523594
 0.03775009437523594
 0.03775009437523594
 0.03775009437523594
 0.03775009437523594
 0.03775009437523594
 0.03775009437523594
 0.03775009437523594
 0.03775009437523594
 0.03775009437523594
 0.03775009437523594
 0.03775009437523594
 0.03775009437523594
 0.03775009437523594
 0.03775009437523594
 0.03775009437523594
 0.03775009437523594
 0.03775009437523594
 0.03775009437523594
 0.03775009437523594
 0.03775009437523594
 0.03775009437523594
 0.03775009437523594
 0.03775009437523594
 0.03775009437523594
 0.03775009437523594
 0.03775009437523594
 0.03775009437523594
 0.03775009437523594
 0.03775009437523594
 0.03775009437523594
 0.03775009437523594
 0.1887504718761797
 0.4152510381275953
 0.1887504718761797
 0.03775009437523594
 0.03775009437523594
 0.03775009437523594
 0.1510003775009437
 0.6795016987542469
 0.7172517931294828
 0.2265005662514157
 0.03775009437523594
 0.03775009437523594
 0.1510003775009437
 0.6417516043790109
 0.604001510003775
 0.1510003775009437
 0.03775009437523594
 0.03775009437523594
 0.03775009437523594
 0.03775009437523594
 0.1132502831257078
 0.1510003775009437
 0.03775009437523594
 0.03775009437523594
 0.03775009437523594
 0.03775009437523594
 0.03775009437523594
 0.03775009437523594
 0.03775009437523594
 0.03775009437523594
 0.03775009437523594
 0.03775009437523594
 0.03775009437523594
 0.03775009437523594
 0.03775009437523594
 0.03775009437523594
 0.3397508493771235
 0.4907512268780672
 0.3397508493771235
 0.07550018875047187
 0.03775009437523594
 0.03775009437523594
 0.5285013212533031
 12.00453001132503
 10.00377500943752
 0.7172517931294828
 0.03775009437523594
 0.03775009437523594
 0.9437523593808984
 8.569271423178558
 8.946772366930917
 0.5285013212533031
 0.03775009437523594
 0.03775009437523594
 0.1887504718761797
 0.2642506606266515
 0.604001510003775
 0.3775009437523594
 0.03775009437523594
 0.03775009437523594
 0.03775009437523594
 0.07550018875047187
 0.03775009437523594
 0.03775009437523594
 0.03775009437523594
 0.03775009437523594
 0.03775009437523594
 0.03775009437523594
 0.03775009437523594
 0.03775009437523594
 0.03775009437523594
 0.03775009437523594
 0.2642506606266515
 0.6417516043790109
 0.8305020762551907
 0.1132502831257078
 0.03775009437523594
 0.03775009437523594
 0.5285013212533031
 9.966024915062288
 7.852019630049075
 0.4152510381275953
 0.07550018875047187
 0.03775009437523594
 0.604001510003775
 8.833522083805208
 8.380520951302378
 0.6417516043790109
 0.03775009437523594
 0.03775009437523594
 0.1510003775009437
 0.4907512268780672
 0.4530011325028313
 0.3397508493771235
 0.03775009437523594
 0.03775009437523594
 0.03775009437523594
 0.03775009437523594
 0.03775009437523594
 0.03775009437523594
 0.03775009437523594
 0.03775009437523594
 0.03775009437523594
 0.03775009437523594
 0.03775009437523594
 0.03775009437523594
 0.03775009437523594
 0.03775009437523594
 0.03775009437523594
 0.2265005662514157
 0.1887504718761797
 0.1132502831257078
 0.03775009437523594
 0.03775009437523594
 0.03775009437523594
 0.604001510003775
 0.3775009437523594
 0.07550018875047187
 0.03775009437523594
 0.03775009437523594
 0.1510003775009437
 0.7172517931294828
 0.5662514156285391
 0.1132502831257078
 0.03775009437523594
 0.03775009437523594
 0.1887504718761797
 0.3020007550018875
 0.3775009437523594
 0.1510003775009437


