 0.0413907284768212
 0.0413907284768212
 0.0413907284768212
 0.0413907284768212
 0.0413907284768212
 0.0413907284768212
 0.08278145695364239
 0.0413907284768212
 0.08278145695364239
 0.0413907284768212
 0.0413907284768212
 0.0413907284768212
 0.0413907284768212
 0.08278145695364239
 0.0413907284768212
 0.0413907284768212
 0.0413907284768212
 0.0413907284768212
 0.0413907284768212
 0.0413907284768212
 0.0413907284768212
 0.0413907284768212
 0.0413907284768212
 0.0413907284768212
 0.0413907284768212
 0.0413907284768212
 0.0413907284768212
 0.0413907284768212
 0.0413907284768212
 0.0413907284768212
 0.0413907284768212
 0.0413907284768212
 0.0413907284768212
 0.0413907284768212
 0.0413907284768212
 0.0413907284768212
 0.0413907284768212
 0.1241721854304636
 0.08278145695364239
 0.0413907284768212
 0.0413907284768212
 0.0413907284768212
 0.1241721854304636
 59.14735099337748
 8.319536423841059
 0.0413907284768212
 0.0413907284768212
 0.08278145695364239
 0.0413907284768212
 8.071192052980132
 2.06953642384106
 0.0413907284768212
 0.0413907284768212
 0.0413907284768212
 0.0413907284768212
 0.0413907284768212
 0.0413907284768212
 0.0413907284768212
 0.0413907284768212
 0.0413907284768212
 0.0413907284768212
 0.0413907284768212
 0.0413907284768212
 0.0413907284768212
 0.0413907284768212
 0.0413907284768212
 0.0413907284768212
 0.08278145695364239
 0.0413907284768212
 0.0413907284768212
 0.0413907284768212
 0.0413907284768212
 0.0413907284768212
 0.0413907284768212
 0.0413907284768212
 0.0413907284768212
 0.0413907284768212
 0.0413907284768212
 0.0413907284768212
 8.402317880794701
 1.779801324503311
 0.0413907284768212
 0.0413907284768212
 0.0413907284768212
 0.0413907284768212
 2.06953642384106
 1.076158940397351
 0.0413907284768212
 0.0413907284768212
 0.0413907284768212
 0.0413907284768212
 0.0413907284768212
 0.0413907284768212
 0.0413907284768212
 0.0413907284768212
 0.0413907284768212
 0.0413907284768212
 0.0413907284768212
 0.0413907284768212
 0.0413907284768212
 0.0413907284768212
 0.0413907284768212
 0.0413907284768212
 0.0413907284768212
 0.0413907284768212
 0.0413907284768212
 0.0413907284768212
 0.0413907284768212
 0.0413907284768212
 0.0413907284768212
 0.0413907284768212
 0.0413907284768212
 0.0413907284768212
 0.0413907284768212
 0.0413907284768212
 0.0413907284768212
 0.0413907284768212
 0.0413907284768212
 0.0413907284768212
 0.0413907284768212
 0.0413907284768212
 0.0413907284768212
 0.0413907284768212
 0.0413907284768212
 0.0413907284768212
 0.0413907284768212
 0.0413907284768212
 0.0413907284768212
 0.0413907284768212
 0.0413907284768212
 0.0413907284768212
 0.0413907284768212
 0.0413907284768212
 0.0413907284768212
 0.0413907284768212
 0.0413907284768212
 0.0413907284768212
 0.0413907284768212
 0.0413907284768212
 0.0413907284768212
 0.0413907284768212
 0.0413907284768212
 0.0413907284768212
 0.0413907284768212
 0.0413907284768212
 0.0413907284768212
 0.0413907284768212
 0.0413907284768212
 0.0413907284768212
 0.0413907284768212
 0.0413907284768212
 0.0413907284768212
 0.0413907284768212
 0.0413907284768212
 0.0413907284768212
 0.0413907284768212
 0.0413907284768212
 0.0413907284768212
 0.0413907284768212
 0.0413907284768212
 0.0413907284768212
 0.0413907284768212
 0.0413907284768212
 0.0413907284768212
 0.0413907284768212
 0.0413907284768212
 0.0413907284768212
 0.0413907284768212
 0.0413907284768212
 0.0413907284768212
 0.0413907284768212
 0.0413907284768212
 0.0413907284768212
 0.0413907284768212
 0.0413907284768212
 0.0413907284768212
 0.0413907284768212
 0.0413907284768212
 0.0413907284768212
 0.0413907284768212
 0.0413907284768212
 0.0413907284768212
 0.0413907284768212
 0.0413907284768212
 0.0413907284768212
 0.0413907284768212
 0.0413907284768212
 0.08278145695364239
 0.0413907284768212
 0.0413907284768212
 0.0413907284768212
 0.0413907284768212
 0.0413907284768212
 0.0413907284768212
 0.0413907284768212
 0.0413907284768212
 0.0413907284768212
 0.0413907284768212
 0.0413907284768212
 0.0413907284768212
 0.0413907284768212
 0.0413907284768212
 0.0413907284768212
 0.0413907284768212
 0.0413907284768212
 0.0413907284768212
 0.0413907284768212
 0.0413907284768212
 0.0413907284768212
 0.0413907284768212
 0.0413907284768212
 0.0413907284768212
 0.0413907284768212
 0.0413907284768212
 0.0413907284768212
 0.0413907284768212


