 0.03862495171881035
 0.03862495171881035
 0.03862495171881035
 0.03862495171881035
 0.03862495171881035
 0.03862495171881035
 0.03862495171881035
 0.03862495171881035
 0.03862495171881035
 0.03862495171881035
 0.03862495171881035
 0.03862495171881035
 0.03862495171881035
 0.03862495171881035
 0.03862495171881035
 0.03862495171881035
 0.03862495171881035
 0.03862495171881035
 0.03862495171881035
 0.03862495171881035
 0.03862495171881035
 0.0772499034376207
 0.0772499034376207
 0.03862495171881035
 0.03862495171881035
 0.03862495171881035
 0.03862495171881035
 0.03862495171881035
 0.03862495171881035
 0.03862495171881035
 0.03862495171881035
 0.03862495171881035
 0.03862495171881035
 0.03862495171881035
 0.03862495171881035
 0.03862495171881035
 0.03862495171881035
 0.03862495171881035
 0.03862495171881035
 0.03862495171881035
 0.03862495171881035
 0.03862495171881035
 0.03862495171881035
 0.03862495171881035
 0.115874855156431
 0.0772499034376207
 0.03862495171881035
 0.03862495171881035
 0.03862495171881035
 0.03862495171881035
 0.0772499034376207
 0.1544998068752414
 0.1931247585940518
 0.115874855156431
 0.03862495171881035
 0.03862495171881035
 0.115874855156431
 0.3476245654692932
 0.115874855156431
 0.03862495171881035
 0.03862495171881035
 0.03862495171881035
 0.03862495171881035
 0.1931247585940518
 0.03862495171881035
 0.115874855156431
 0.03862495171881035
 0.03862495171881035
 0.0772499034376207
 0.03862495171881035
 0.03862495171881035
 0.03862495171881035
 0.03862495171881035
 0.03862495171881035
 0.03862495171881035
 0.0772499034376207
 0.03862495171881035
 0.03862495171881035
 0.03862495171881035
 0.03862495171881035
 0.115874855156431
 0.115874855156431
 0.03862495171881035
 0.0772499034376207
 0.03862495171881035
 0.0772499034376207
 0.115874855156431
 0.3476245654692932
 0.1931247585940518
 0.115874855156431
 0.03862495171881035
 0.0772499034376207
 0.6179992275009656
 2.587871765160293
 1.158748551564311
 0.1544998068752414
 0.03862495171881035
 0.115874855156431
 0.1931247585940518
 0.7338740826573967
 0.3089996137504828
 0.115874855156431
 0.03862495171881035
 0.0772499034376207
 0.0772499034376207
 0.1544998068752414
 0.115874855156431
 0.115874855156431
 0.03862495171881035
 0.03862495171881035
 0.03862495171881035
 0.0772499034376207
 0.03862495171881035
 0.03862495171881035
 0.03862495171881035
 0.0772499034376207
 0.1931247585940518
 0.2703746620316724
 0.1544998068752414
 0.03862495171881035
 0.0772499034376207
 0.1544998068752414
 0.2703746620316724
 2.665121668597914
 0.5021243723445346
 0.1544998068752414
 0.0772499034376207
 0.3089996137504828
 2.085747392815759
 33.10158362302047
 8.729239088451139
 0.8111239860950173
 0.03862495171881035
 0.1544998068752414
 1.274623406720742
 7.609115488605639
 3.32174584781769
 0.1544998068752414
 0.03862495171881035
 0.03862495171881035
 0.1544998068752414
 0.656624179219776
 0.3476245654692932
 0.1931247585940518
 0.03862495171881035
 0.03862495171881035
 0.03862495171881035
 0.03862495171881035
 0.03862495171881035
 0.03862495171881035
 0.03862495171881035
 0.03862495171881035
 0.115874855156431
 0.1544998068752414
 0.1544998068752414
 0.03862495171881035
 0.03862495171881035
 0.03862495171881035
 0.3089996137504828
 1.235998455001931
 0.5407493240633449
 0.115874855156431
 0.03862495171881035
 0.1544998068752414
 0.8497489378138278
 8.381614522981847
 2.085747392815759
 0.3089996137504828
 0.03862495171881035
 0.1544998068752414
 0.656624179219776
 2.858246427191966
 0.4634994206257242
 0.115874855156431
 0.03862495171881035
 0.03862495171881035
 0.0772499034376207
 0.2703746620316724
 0.115874855156431
 0.115874855156431
 0.03862495171881035
 0.03862495171881035
 0.03862495171881035
 0.03862495171881035
 0.03862495171881035
 0.03862495171881035
 0.03862495171881035
 0.115874855156431
 0.03862495171881035
 0.03862495171881035
 0.03862495171881035
 0.03862495171881035
 0.03862495171881035
 0.0772499034376207
 0.0772499034376207
 0.1931247585940518
 0.03862495171881035
 0.03862495171881035
 0.03862495171881035
 0.1544998068752414
 0.115874855156431
 0.6179992275009656
 0.3862495171881035
 0.0772499034376207
 0.03862495171881035
 0.03862495171881035
 0.0772499034376207
 0.3862495171881035
 0.115874855156431
 0.115874855156431
 0.03862495171881035
 0.0772499034376207
 0.03862495171881035
 0.2317497103128621
 0.115874855156431
 0.1544998068752414


