 0.05431830526887561
 0.05431830526887561
 0.05431830526887561
 0.05431830526887561
 0.05431830526887561
 0.05431830526887561
 0.05431830526887561
 0.05431830526887561
 0.05431830526887561
 0.05431830526887561
 0.05431830526887561
 0.05431830526887561
 0.05431830526887561
 0.05431830526887561
 0.05431830526887561
 0.05431830526887561
 0.05431830526887561
 0.05431830526887561
 0.05431830526887561
 0.05431830526887561
 0.05431830526887561
 0.05431830526887561
 0.05431830526887561
 0.05431830526887561
 0.05431830526887561
 0.05431830526887561
 0.05431830526887561
 0.1086366105377512
 0.05431830526887561
 0.05431830526887561
 0.05431830526887561
 0.05431830526887561
 0.05431830526887561
 0.05431830526887561
 0.05431830526887561
 0.05431830526887561
 0.05431830526887561
 0.05431830526887561
 0.05431830526887561
 0.05431830526887561
 0.05431830526887561
 0.05431830526887561
 0.05431830526887561
 0.05431830526887561
 0.05431830526887561
 0.05431830526887561
 0.05431830526887561
 0.05431830526887561
 0.05431830526887561
 0.05431830526887561
 0.05431830526887561
 0.05431830526887561
 0.05431830526887561
 0.05431830526887561
 0.05431830526887561
 0.05431830526887561
 0.05431830526887561
 0.05431830526887561
 0.05431830526887561
 0.05431830526887561
 0.05431830526887561
 0.05431830526887561
 0.05431830526887561
 0.05431830526887561
 0.05431830526887561
 0.05431830526887561
 0.05431830526887561
 0.05431830526887561
 0.05431830526887561
 0.05431830526887561
 0.05431830526887561
 0.05431830526887561
 0.05431830526887561
 0.05431830526887561
 0.05431830526887561
 0.05431830526887561
 0.05431830526887561
 0.05431830526887561
 0.05431830526887561
 0.05431830526887561
 0.05431830526887561
 0.05431830526887561
 0.05431830526887561
 0.05431830526887561
 0.05431830526887561
 0.05431830526887561
 0.1086366105377512
 0.1086366105377512
 0.05431830526887561
 0.05431830526887561
 0.05431830526887561
 0.05431830526887561
 0.05431830526887561
 0.05431830526887561
 0.4345464421510049
 0.1086366105377512
 0.05431830526887561
 0.05431830526887561
 0.1086366105377512
 0.2172732210755024
 0.2172732210755024
 0.1086366105377512
 0.05431830526887561
 0.05431830526887561
 0.05431830526887561
 0.05431830526887561
 0.05431830526887561
 0.05431830526887561
 0.05431830526887561
 0.05431830526887561
 0.05431830526887561
 0.05431830526887561
 0.05431830526887561
 0.05431830526887561
 0.05431830526887561
 0.05431830526887561
 0.05431830526887561
 0.05431830526887561
 0.05431830526887561
 0.05431830526887561
 0.05431830526887561
 0.05431830526887561
 0.05431830526887561
 0.1629549158066268
 0.2172732210755024
 0.05431830526887561
 0.05431830526887561
 0.05431830526887561
 0.1629549158066268
 4.888647474198804
 8.039109179793591
 0.4345464421510049
 0.1086366105377512
 0.05431830526887561
 0.3259098316132537
 9.451385116784357
 11.46116241173275
 0.3259098316132537
 0.05431830526887561
 0.05431830526887561
 0.1086366105377512
 0.3259098316132537
 0.5431830526887561
 0.2715915263443781
 0.05431830526887561
 0.05431830526887561
 0.05431830526887561
 0.05431830526887561
 0.1086366105377512
 0.05431830526887561
 0.05431830526887561
 0.05431830526887561
 0.05431830526887561
 0.05431830526887561
 0.05431830526887561
 0.05431830526887561
 0.05431830526887561
 0.05431830526887561
 0.1086366105377512
 0.2172732210755024
 0.3259098316132537
 0.05431830526887561
 0.05431830526887561
 0.05431830526887561
 0.1086366105377512
 8.365019011406844
 12.81912004345464
 0.6518196632265073
 0.05431830526887561
 0.05431830526887561
 0.1629549158066268
 11.73275393807713
 13.5795763172189
 0.4888647474198805
 0.05431830526887561
 0.05431830526887561
 0.05431830526887561
 0.2715915263443781
 0.5975013579576317
 0.1629549158066268
 0.05431830526887561
 0.05431830526887561
 0.05431830526887561
 0.05431830526887561
 0.05431830526887561
 0.05431830526887561
 0.05431830526887561
 0.05431830526887561
 0.05431830526887561
 0.05431830526887561
 0.05431830526887561
 0.05431830526887561
 0.05431830526887561
 0.05431830526887561
 0.05431830526887561
 0.1629549158066268
 0.05431830526887561
 0.05431830526887561
 0.05431830526887561
 0.05431830526887561
 0.1629549158066268
 0.2172732210755024
 0.3259098316132537
 0.05431830526887561
 0.05431830526887561
 0.05431830526887561
 0.1086366105377512
 0.4888647474198805
 0.7061379684953829
 0.1629549158066268
 0.05431830526887561
 0.05431830526887561
 0.1086366105377512
 0.1086366105377512
 0.2715915263443781
 0.1629549158066268


