 0.03769317753486619
 0.03769317753486619
 0.03769317753486619
 0.03769317753486619
 0.03769317753486619
 0.03769317753486619
 0.03769317753486619
 0.03769317753486619
 0.03769317753486619
 0.03769317753486619
 0.03769317753486619
 0.03769317753486619
 0.03769317753486619
 0.03769317753486619
 0.03769317753486619
 0.03769317753486619
 0.03769317753486619
 0.03769317753486619
 0.03769317753486619
 0.03769317753486619
 0.03769317753486619
 0.03769317753486619
 0.03769317753486619
 0.03769317753486619
 0.03769317753486619
 0.03769317753486619
 0.03769317753486619
 0.03769317753486619
 0.03769317753486619
 0.03769317753486619
 0.03769317753486619
 0.03769317753486619
 0.03769317753486619
 0.03769317753486619
 0.03769317753486619
 0.07538635506973237
 0.03769317753486619
 0.03769317753486619
 0.03769317753486619
 0.03769317753486619
 0.03769317753486619
 0.03769317753486619
 0.03769317753486619
 0.03769317753486619
 0.03769317753486619
 0.03769317753486619
 0.03769317753486619
 0.03769317753486619
 0.03769317753486619
 0.03769317753486619
 0.03769317753486619
 0.03769317753486619
 0.03769317753486619
 0.03769317753486619
 0.03769317753486619
 0.03769317753486619
 0.03769317753486619
 0.03769317753486619
 0.03769317753486619
 0.03769317753486619
 0.03769317753486619
 0.03769317753486619
 0.03769317753486619
 0.03769317753486619
 0.03769317753486619
 0.03769317753486619
 0.03769317753486619
 0.03769317753486619
 0.03769317753486619
 0.03769317753486619
 0.03769317753486619
 0.03769317753486619
 0.03769317753486619
 0.03769317753486619
 0.03769317753486619
 0.03769317753486619
 0.03769317753486619
 0.03769317753486619
 0.03769317753486619
 0.03769317753486619
 0.03769317753486619
 0.03769317753486619
 0.03769317753486619
 0.03769317753486619
 0.03769317753486619
 0.03769317753486619
 0.03769317753486619
 0.03769317753486619
 0.03769317753486619
 0.03769317753486619
 0.03769317753486619
 0.03769317753486619
 0.03769317753486619
 0.03769317753486619
 0.03769317753486619
 0.03769317753486619
 0.03769317753486619
 0.03769317753486619
 0.03769317753486619
 0.03769317753486619
 0.03769317753486619
 0.03769317753486619
 0.03769317753486619
 0.03769317753486619
 0.03769317753486619
 0.03769317753486619
 0.03769317753486619
 0.03769317753486619
 0.03769317753486619
 0.03769317753486619
 0.03769317753486619
 0.03769317753486619
 0.03769317753486619
 0.03769317753486619
 0.03769317753486619
 0.03769317753486619
 0.03769317753486619
 0.03769317753486619
 0.03769317753486619
 0.03769317753486619
 0.03769317753486619
 0.03769317753486619
 0.03769317753486619
 0.03769317753486619
 0.03769317753486619
 0.03769317753486619
 0.03769317753486619
 0.03769317753486619
 0.03769317753486619
 0.03769317753486619
 0.1130795326045986
 0.03769317753486619
 0.03769317753486619
 0.03769317753486619
 0.03769317753486619
 0.07538635506973237
 0.4900113079532605
 0.2261590652091972
 0.03769317753486619
 0.03769317753486619
 0.03769317753486619
 0.03769317753486619
 0.1130795326045986
 0.07538635506973237
 0.03769317753486619
 0.03769317753486619
 0.03769317753486619
 0.03769317753486619
 0.03769317753486619
 0.07538635506973237
 0.03769317753486619
 0.03769317753486619
 0.03769317753486619
 0.03769317753486619
 0.03769317753486619
 0.03769317753486619
 0.03769317753486619
 0.03769317753486619
 0.03769317753486619
 0.03769317753486619
 0.03769317753486619
 0.03769317753486619
 0.03769317753486619
 0.03769317753486619
 0.03769317753486619
 0.07538635506973237
 0.5653976630229929
 0.1507727101394647
 0.07538635506973237
 0.03769317753486619
 0.03769317753486619
 0.4523181304183943
 69.88315114964192
 5.277044854881266
 0.03769317753486619
 0.03769317753486619
 0.03769317753486619
 0.07538635506973237
 5.2393516773464
 1.243874858650584
 0.03769317753486619
 0.03769317753486619
 0.03769317753486619
 0.03769317753486619
 0.03769317753486619
 0.03769317753486619
 0.03769317753486619
 0.03769317753486619
 0.03769317753486619
 0.03769317753486619
 0.03769317753486619
 0.03769317753486619
 0.03769317753486619
 0.03769317753486619
 0.03769317753486619
 0.03769317753486619
 0.03769317753486619
 0.03769317753486619
 0.03769317753486619
 0.03769317753486619
 0.03769317753486619
 0.07538635506973237
 0.1130795326045986
 0.03769317753486619
 0.03769317753486619
 0.03769317753486619
 0.03769317753486619
 0.2638522427440633
 5.277044854881266
 1.055408970976253
 0.03769317753486619
 0.03769317753486619
 0.03769317753486619
 0.1130795326045986
 1.243874858650584
 0.4146249528835281


