 0.275049115913556
 0.3929273084479371
 0.1178781925343811
 0.1178781925343811
 0.03929273084479371
 0.03929273084479371
 0.3143418467583497
 0.9430255402750491
 0.6286836935166994
 0.1571709233791748
 0.03929273084479371
 0.03929273084479371
 0.1571709233791748
 0.6286836935166994
 0.275049115913556
 0.1964636542239686
 0.03929273084479371
 0.03929273084479371
 0.03929273084479371
 0.07858546168958742
 0.07858546168958742
 0.03929273084479371
 0.03929273084479371
 0.03929273084479371
 0.03929273084479371
 0.03929273084479371
 0.03929273084479371
 0.03929273084479371
 0.03929273084479371
 0.03929273084479371
 0.03929273084479371
 0.03929273084479371
 0.03929273084479371
 0.03929273084479371
 0.03929273084479371
 0.03929273084479371
 0.3143418467583497
 0.9037328094302555
 0.3929273084479371
 0.03929273084479371
 0.03929273084479371
 0.03929273084479371
 0.5108055009823183
 16.58153241650295
 10.0196463654224
 0.7465618860510805
 0.03929273084479371
 0.03929273084479371
 0.6679764243614932
 8.56581532416503
 8.447937131630647
 0.550098231827112
 0.03929273084479371
 0.03929273084479371
 0.1571709233791748
 0.5893909626719057
 0.5893909626719057
 0.1964636542239686
 0.03929273084479371
 0.03929273084479371
 0.03929273084479371
 0.07858546168958742
 0.03929273084479371
 0.03929273084479371
 0.03929273084479371
 0.03929273084479371
 0.03929273084479371
 0.07858546168958742
 0.03929273084479371
 0.03929273084479371
 0.03929273084479371
 0.03929273084479371
 0.1964636542239686
 0.5893909626719057
 0.6286836935166994
 0.03929273084479371
 0.03929273084479371
 0.03929273084479371
 0.7072691552062869
 9.823182711198427
 6.8762278978389
 0.5108055009823183
 0.07858546168958742
 0.07858546168958742
 0.550098231827112
 8.094302554027506
 6.797642436149312
 0.4322200392927309
 0.03929273084479371
 0.03929273084479371
 0.1178781925343811
 0.5108055009823183
 0.3536345776031434
 0.2357563850687623
 0.03929273084479371
 0.03929273084479371
 0.03929273084479371
 0.03929273084479371
 0.03929273084479371
 0.03929273084479371
 0.03929273084479371
 0.03929273084479371
 0.03929273084479371
 0.03929273084479371
 0.03929273084479371
 0.03929273084479371
 0.03929273084479371
 0.03929273084479371
 0.1178781925343811
 0.1571709233791748
 0.1178781925343811
 0.03929273084479371
 0.03929273084479371
 0.03929273084479371
 0.1178781925343811
 0.5108055009823183
 0.7072691552062869
 0.07858546168958742
 0.03929273084479371
 0.03929273084479371
 0.07858546168958742
 0.6679764243614932
 0.3536345776031434
 0.03929273084479371
 0.03929273084479371
 0.03929273084479371
 0.1178781925343811
 0.2357563850687623
 0.1178781925343811
 0.1571709233791748
 0.03929273084479371
 0.03929273084479371
 0.03929273084479371
 0.03929273084479371
 0.03929273084479371
 0.03929273084479371
 0.03929273084479371
 0.03929273084479371
 0.03929273084479371
 0.03929273084479371
 0.03929273084479371
 0.03929273084479371
 0.03929273084479371
 0.03929273084479371
 0.03929273084479371
 0.03929273084479371
 0.03929273084479371
 0.03929273084479371
 0.03929273084479371
 0.03929273084479371
 0.03929273084479371
 0.03929273084479371
 0.03929273084479371
 0.07858546168958742
 0.03929273084479371
 0.03929273084479371
 0.03929273084479371
 0.03929273084479371
 0.03929273084479371
 0.03929273084479371
 0.03929273084479371
 0.03929273084479371
 0.03929273084479371
 0.03929273084479371
 0.03929273084479371
 0.03929273084479371
 0.03929273084479371
 0.03929273084479371
 0.03929273084479371
 0.03929273084479371
 0.03929273084479371
 0.03929273084479371
 0.03929273084479371
 0.03929273084479371
 0.03929273084479371
 0.03929273084479371
 0.03929273084479371
 0.03929273084479371
 0.03929273084479371
 0.03929273084479371
 0.03929273084479371
 0.03929273084479371
 0.03929273084479371
 0.03929273084479371
 0.03929273084479371
 0.03929273084479371
 0.03929273084479371
 0.07858546168958742
 0.03929273084479371
 0.03929273084479371
 0.03929273084479371
 0.03929273084479371
 0.03929273084479371
 0.03929273084479371
 0.03929273084479371
 0.03929273084479371
 0.03929273084479371
 0.03929273084479371
 0.03929273084479371
 0.03929273084479371
 0.03929273084479371
 0.03929273084479371
 0.03929273084479371
 0.03929273084479371
 0.03929273084479371
 0.03929273084479371
 0.03929273084479371
 0.03929273084479371
 0.03929273084479371
 0.03929273084479371
 0.03929273084479371
 0.03929273084479371
 0.03929273084479371
 0.03929273084479371
 0.03929273084479371
 0.03929273084479371


