 0.03793626707132018
 0.03793626707132018
 0.03793626707132018
 0.03793626707132018
 0.03793626707132018
 0.03793626707132018
 0.03793626707132018
 0.03793626707132018
 0.03793626707132018
 0.03793626707132018
 0.03793626707132018
 0.03793626707132018
 0.03793626707132018
 0.03793626707132018
 0.03793626707132018
 0.03793626707132018
 0.03793626707132018
 0.03793626707132018
 0.03793626707132018
 0.03793626707132018
 0.03793626707132018
 0.03793626707132018
 0.07587253414264036
 0.03793626707132018
 0.03793626707132018
 0.03793626707132018
 0.03793626707132018
 0.03793626707132018
 0.03793626707132018
 0.03793626707132018
 0.03793626707132018
 0.03793626707132018
 0.03793626707132018
 0.03793626707132018
 0.03793626707132018
 0.03793626707132018
 0.03793626707132018
 0.03793626707132018
 0.03793626707132018
 0.03793626707132018
 0.03793626707132018
 0.03793626707132018
 0.03793626707132018
 0.03793626707132018
 0.03793626707132018
 0.03793626707132018
 0.03793626707132018
 0.03793626707132018
 0.03793626707132018
 0.03793626707132018
 0.03793626707132018
 0.03793626707132018
 0.03793626707132018
 0.03793626707132018
 0.03793626707132018
 0.03793626707132018
 0.03793626707132018
 0.03793626707132018
 0.03793626707132018
 0.03793626707132018
 0.03793626707132018
 0.03793626707132018
 0.03793626707132018
 0.03793626707132018
 0.03793626707132018
 0.03793626707132018
 0.03793626707132018
 0.03793626707132018
 0.03793626707132018
 0.03793626707132018
 0.03793626707132018
 0.03793626707132018
 0.03793626707132018
 0.03793626707132018
 0.03793626707132018
 0.03793626707132018
 0.03793626707132018
 0.03793626707132018
 0.03793626707132018
 0.03793626707132018
 0.03793626707132018
 0.03793626707132018
 0.03793626707132018
 0.03793626707132018
 0.03793626707132018
 0.03793626707132018
 0.03793626707132018
 0.03793626707132018
 0.03793626707132018
 0.03793626707132018
 0.03793626707132018
 0.03793626707132018
 0.03793626707132018
 0.03793626707132018
 0.03793626707132018
 0.03793626707132018
 0.03793626707132018
 0.03793626707132018
 0.03793626707132018
 0.03793626707132018
 0.03793626707132018
 0.03793626707132018
 0.03793626707132018
 0.03793626707132018
 0.03793626707132018
 0.03793626707132018
 0.03793626707132018
 0.03793626707132018
 0.03793626707132018
 0.03793626707132018
 0.03793626707132018
 0.03793626707132018
 0.03793626707132018
 0.03793626707132018
 0.03793626707132018
 0.03793626707132018
 0.03793626707132018
 0.03793626707132018
 0.03793626707132018
 0.03793626707132018
 0.03793626707132018
 0.03793626707132018
 0.03793626707132018
 0.03793626707132018
 0.03793626707132018
 0.03793626707132018
 0.03793626707132018
 0.03793626707132018
 0.03793626707132018
 0.4931714719271623
 0.7207890743550834
 0.3414264036418816
 0.03793626707132018
 0.03793626707132018
 0.03793626707132018
 0.5690440060698027
 3.414264036418816
 0.4552352048558422
 0.03793626707132018
 0.03793626707132018
 0.03793626707132018
 0.2276176024279211
 0.2655538694992413
 0.3793626707132018
 0.03793626707132018
 0.03793626707132018
 0.03793626707132018
 0.07587253414264036
 0.03793626707132018
 0.03793626707132018
 0.03793626707132018
 0.03793626707132018
 0.03793626707132018
 0.03793626707132018
 0.03793626707132018
 0.03793626707132018
 0.03793626707132018
 0.03793626707132018
 0.03793626707132018
 0.03793626707132018
 0.03793626707132018
 0.03793626707132018
 0.03793626707132018
 0.03793626707132018
 0.03793626707132018
 0.7587253414264037
 3.224582701062215
 0.417298937784522
 0.07587253414264036
 0.03793626707132018
 0.03793626707132018
 3.148710166919575
 63.88467374810318
 3.338391502276176
 0.03793626707132018
 0.03793626707132018
 0.03793626707132018
 0.4552352048558422
 3.262518968133536
 0.644916540212443
 0.03793626707132018
 0.03793626707132018
 0.03793626707132018
 0.03793626707132018
 0.03793626707132018
 0.03793626707132018
 0.03793626707132018
 0.03793626707132018
 0.03793626707132018
 0.03793626707132018
 0.03793626707132018
 0.03793626707132018
 0.03793626707132018
 0.03793626707132018
 0.03793626707132018
 0.03793626707132018
 0.03793626707132018
 0.03793626707132018
 0.03793626707132018
 0.03793626707132018
 0.03793626707132018
 0.3034901365705615
 0.4552352048558422
 0.1138088012139605
 0.03793626707132018
 0.03793626707132018
 0.03793626707132018
 0.6828528072837633
 3.110773899848255
 0.5690440060698027
 0.03793626707132018
 0.03793626707132018
 0.03793626707132018
 0.1896813353566009
 0.834597875569044
 0.4552352048558422


