 0.03913894324853229
 0.03913894324853229
 0.03913894324853229
 0.03913894324853229
 0.03913894324853229
 0.03913894324853229
 0.03913894324853229
 0.03913894324853229
 0.03913894324853229
 0.03913894324853229
 0.03913894324853229
 0.03913894324853229
 0.03913894324853229
 0.03913894324853229
 0.03913894324853229
 0.03913894324853229
 0.03913894324853229
 0.03913894324853229
 0.03913894324853229
 0.03913894324853229
 0.03913894324853229
 0.03913894324853229
 0.03913894324853229
 0.03913894324853229
 0.03913894324853229
 0.03913894324853229
 0.03913894324853229
 0.03913894324853229
 0.07827788649706457
 0.03913894324853229
 0.03913894324853229
 0.03913894324853229
 0.03913894324853229
 0.03913894324853229
 0.03913894324853229
 0.03913894324853229
 0.03913894324853229
 0.03913894324853229
 0.03913894324853229
 0.03913894324853229
 0.03913894324853229
 0.03913894324853229
 0.03913894324853229
 0.03913894324853229
 0.03913894324853229
 0.03913894324853229
 0.03913894324853229
 0.03913894324853229
 0.03913894324853229
 0.03913894324853229
 0.03913894324853229
 0.03913894324853229
 0.03913894324853229
 0.03913894324853229
 0.03913894324853229
 0.03913894324853229
 0.03913894324853229
 0.03913894324853229
 0.03913894324853229
 0.03913894324853229
 0.03913894324853229
 0.03913894324853229
 0.03913894324853229
 0.03913894324853229
 0.07827788649706457
 0.03913894324853229
 0.03913894324853229
 0.03913894324853229
 0.03913894324853229
 0.03913894324853229
 0.03913894324853229
 0.03913894324853229
 0.03913894324853229
 0.03913894324853229
 0.03913894324853229
 0.03913894324853229
 0.03913894324853229
 0.03913894324853229
 0.03913894324853229
 0.03913894324853229
 0.03913894324853229
 0.03913894324853229
 0.03913894324853229
 0.03913894324853229
 0.03913894324853229
 0.03913894324853229
 0.03913894324853229
 0.03913894324853229
 0.03913894324853229
 0.03913894324853229
 0.03913894324853229
 0.03913894324853229
 0.03913894324853229
 0.03913894324853229
 0.03913894324853229
 0.03913894324853229
 0.03913894324853229
 0.03913894324853229
 0.03913894324853229
 0.03913894324853229
 0.03913894324853229
 0.03913894324853229
 0.03913894324853229
 0.03913894324853229
 0.03913894324853229
 0.03913894324853229
 0.03913894324853229
 0.03913894324853229
 0.03913894324853229
 0.03913894324853229
 0.03913894324853229
 0.03913894324853229
 0.03913894324853229
 0.03913894324853229
 0.03913894324853229
 0.03913894324853229
 0.03913894324853229
 0.03913894324853229
 0.03913894324853229
 0.03913894324853229
 0.03913894324853229
 0.03913894324853229
 0.03913894324853229
 0.03913894324853229
 0.03913894324853229
 0.03913894324853229
 0.03913894324853229
 0.03913894324853229
 0.03913894324853229
 0.03913894324853229
 0.07827788649706457
 0.03913894324853229
 0.03913894324853229
 0.03913894324853229
 0.03913894324853229
 0.03913894324853229
 0.8610567514677104
 0.1565557729941291
 0.03913894324853229
 0.03913894324853229
 0.03913894324853229
 0.03913894324853229
 0.07827788649706457
 0.07827788649706457
 0.03913894324853229
 0.03913894324853229
 0.03913894324853229
 0.03913894324853229
 0.07827788649706457
 0.03913894324853229
 0.03913894324853229
 0.03913894324853229
 0.03913894324853229
 0.03913894324853229
 0.07827788649706457
 0.03913894324853229
 0.03913894324853229
 0.03913894324853229
 0.03913894324853229
 0.03913894324853229
 0.03913894324853229
 0.03913894324853229
 0.03913894324853229
 0.03913894324853229
 0.03913894324853229
 0.07827788649706457
 0.7436399217221135
 0.1174168297455969
 0.07827788649706457
 0.07827788649706457
 0.03913894324853229
 0.7045009784735813
 75.14677103718199
 4.148727984344423
 0.03913894324853229
 0.03913894324853229
 0.03913894324853229
 0.2348336594911937
 4.070450097847359
 0.3913894324853229
 0.03913894324853229
 0.03913894324853229
 0.03913894324853229
 0.03913894324853229
 0.03913894324853229
 0.03913894324853229
 0.03913894324853229
 0.03913894324853229
 0.03913894324853229
 0.03913894324853229
 0.03913894324853229
 0.03913894324853229
 0.03913894324853229
 0.03913894324853229
 0.03913894324853229
 0.03913894324853229
 0.03913894324853229
 0.03913894324853229
 0.03913894324853229
 0.03913894324853229
 0.03913894324853229
 0.03913894324853229
 0.2348336594911937
 0.03913894324853229
 0.03913894324853229
 0.03913894324853229
 0.03913894324853229
 0.1956947162426614
 3.953033268101761
 0.3913894324853229
 0.03913894324853229
 0.03913894324853229
 0.03913894324853229
 0.03913894324853229
 0.3913894324853229
 0.03913894324853229


