 0.0380952380952381
 0.0380952380952381
 0.0380952380952381
 0.0380952380952381
 0.0380952380952381
 0.0380952380952381
 0.0380952380952381
 0.0380952380952381
 0.0380952380952381
 0.0380952380952381
 0.0380952380952381
 0.0380952380952381
 0.0380952380952381
 0.0380952380952381
 0.0380952380952381
 0.0380952380952381
 0.0380952380952381
 0.0380952380952381
 0.0380952380952381
 0.0380952380952381
 0.0380952380952381
 0.0380952380952381
 0.0380952380952381
 0.0380952380952381
 0.0380952380952381
 0.0380952380952381
 0.0380952380952381
 0.0380952380952381
 0.0380952380952381
 0.0380952380952381
 0.0380952380952381
 0.0380952380952381
 0.0380952380952381
 0.0380952380952381
 0.0761904761904762
 0.0380952380952381
 0.0380952380952381
 0.0380952380952381
 0.0380952380952381
 0.0380952380952381
 0.0380952380952381
 0.0380952380952381
 0.0380952380952381
 0.0380952380952381
 0.0380952380952381
 0.0380952380952381
 0.0380952380952381
 0.0380952380952381
 0.0380952380952381
 0.0380952380952381
 0.0380952380952381
 0.0380952380952381
 0.0380952380952381
 0.0380952380952381
 0.0380952380952381
 0.0380952380952381
 0.0380952380952381
 0.0380952380952381
 0.0380952380952381
 0.0380952380952381
 0.0380952380952381
 0.0380952380952381
 0.0380952380952381
 0.0380952380952381
 0.0761904761904762
 0.0380952380952381
 0.0380952380952381
 0.0380952380952381
 0.0380952380952381
 0.0380952380952381
 0.0380952380952381
 0.0380952380952381
 0.0380952380952381
 0.0380952380952381
 0.0380952380952381
 0.0380952380952381
 0.0380952380952381
 0.0380952380952381
 0.0380952380952381
 0.0380952380952381
 0.0380952380952381
 0.0380952380952381
 0.0380952380952381
 0.0380952380952381
 0.0380952380952381
 0.0380952380952381
 0.0380952380952381
 0.0380952380952381
 0.0380952380952381
 0.0380952380952381
 0.0380952380952381
 0.0380952380952381
 0.0380952380952381
 0.0380952380952381
 0.0380952380952381
 0.0380952380952381
 0.0380952380952381
 0.0380952380952381
 0.0380952380952381
 0.0380952380952381
 0.0380952380952381
 0.0380952380952381
 0.0380952380952381
 0.0380952380952381
 0.0380952380952381
 0.0380952380952381
 0.0380952380952381
 0.0380952380952381
 0.0380952380952381
 0.0380952380952381
 0.0380952380952381
 0.0380952380952381
 0.0380952380952381
 0.0380952380952381
 0.0380952380952381
 0.0380952380952381
 0.0380952380952381
 0.0380952380952381
 0.0380952380952381
 0.0380952380952381
 0.0380952380952381
 0.0380952380952381
 0.0380952380952381
 0.0380952380952381
 0.0380952380952381
 0.0380952380952381
 0.0380952380952381
 0.0380952380952381
 0.0380952380952381
 0.1142857142857143
 0.3047619047619048
 0.0380952380952381
 0.0380952380952381
 0.0380952380952381
 0.0380952380952381
 0.2666666666666667
 1.561904761904762
 0.1523809523809524
 0.0380952380952381
 0.0380952380952381
 0.0380952380952381
 0.1142857142857143
 0.1142857142857143
 0.0380952380952381
 0.0380952380952381
 0.0380952380952381
 0.0380952380952381
 0.0380952380952381
 0.0380952380952381
 0.0380952380952381
 0.0380952380952381
 0.0380952380952381
 0.0380952380952381
 0.0380952380952381
 0.0761904761904762
 0.0380952380952381
 0.0380952380952381
 0.0380952380952381
 0.0380952380952381
 0.0380952380952381
 0.0380952380952381
 0.0380952380952381
 0.0380952380952381
 0.0380952380952381
 0.0380952380952381
 0.2666666666666667
 1.485714285714286
 0.1523809523809524
 0.0380952380952381
 0.0761904761904762
 0.0380952380952381
 1.257142857142857
 69.75238095238096
 4.838095238095238
 0.0761904761904762
 0.0380952380952381
 0.0380952380952381
 0.1523809523809524
 4.495238095238095
 0.7619047619047619
 0.0380952380952381
 0.0380952380952381
 0.0380952380952381
 0.0380952380952381
 0.0380952380952381
 0.0761904761904762
 0.0380952380952381
 0.0380952380952381
 0.0380952380952381
 0.0380952380952381
 0.0380952380952381
 0.0380952380952381
 0.0380952380952381
 0.0380952380952381
 0.0380952380952381
 0.0380952380952381
 0.0380952380952381
 0.0380952380952381
 0.0380952380952381
 0.0380952380952381
 0.0380952380952381
 0.0761904761904762
 0.1904761904761905
 0.0761904761904762
 0.0380952380952381
 0.0380952380952381
 0.0380952380952381
 0.3809523809523809
 4.533333333333333
 0.4571428571428572
 0.0380952380952381
 0.0380952380952381
 0.0380952380952381
 0.0761904761904762
 0.7238095238095238
 0.1904761904761905


