 0.03803727653100038
 0.03803727653100038
 0.03803727653100038
 0.03803727653100038
 0.03803727653100038
 0.03803727653100038
 0.03803727653100038
 0.03803727653100038
 0.03803727653100038
 0.03803727653100038
 0.03803727653100038
 0.03803727653100038
 0.03803727653100038
 0.03803727653100038
 0.03803727653100038
 0.03803727653100038
 0.03803727653100038
 0.03803727653100038
 0.03803727653100038
 0.03803727653100038
 0.03803727653100038
 0.03803727653100038
 0.07607455306200077
 0.03803727653100038
 0.03803727653100038
 0.03803727653100038
 0.03803727653100038
 0.03803727653100038
 0.03803727653100038
 0.03803727653100038
 0.03803727653100038
 0.03803727653100038
 0.03803727653100038
 0.03803727653100038
 0.03803727653100038
 0.03803727653100038
 0.03803727653100038
 0.03803727653100038
 0.03803727653100038
 0.03803727653100038
 0.03803727653100038
 0.03803727653100038
 0.03803727653100038
 0.03803727653100038
 0.03803727653100038
 0.03803727653100038
 0.03803727653100038
 0.03803727653100038
 0.03803727653100038
 0.03803727653100038
 0.03803727653100038
 0.03803727653100038
 0.03803727653100038
 0.03803727653100038
 0.03803727653100038
 0.03803727653100038
 0.03803727653100038
 0.03803727653100038
 0.03803727653100038
 0.03803727653100038
 0.03803727653100038
 0.03803727653100038
 0.03803727653100038
 0.03803727653100038
 0.03803727653100038
 0.03803727653100038
 0.03803727653100038
 0.03803727653100038
 0.03803727653100038
 0.03803727653100038
 0.03803727653100038
 0.03803727653100038
 0.03803727653100038
 0.03803727653100038
 0.03803727653100038
 0.03803727653100038
 0.03803727653100038
 0.03803727653100038
 0.03803727653100038
 0.03803727653100038
 0.03803727653100038
 0.03803727653100038
 0.03803727653100038
 0.03803727653100038
 0.03803727653100038
 0.03803727653100038
 0.07607455306200077
 0.3042982122480031
 0.03803727653100038
 0.03803727653100038
 0.03803727653100038
 0.03803727653100038
 0.2282236591860023
 1.787751996957018
 0.4564473183720046
 0.1521491061240015
 0.03803727653100038
 0.03803727653100038
 0.07607455306200077
 0.3803727653100038
 0.1141118295930011
 0.03803727653100038
 0.03803727653100038
 0.03803727653100038
 0.07607455306200077
 0.1141118295930011
 0.03803727653100038
 0.07607455306200077
 0.03803727653100038
 0.03803727653100038
 0.03803727653100038
 0.07607455306200077
 0.03803727653100038
 0.03803727653100038
 0.03803727653100038
 0.03803727653100038
 0.03803727653100038
 0.03803727653100038
 0.03803727653100038
 0.03803727653100038
 0.03803727653100038
 0.03803727653100038
 0.1521491061240015
 1.559528337771016
 0.3042982122480031
 0.1141118295930011
 0.07607455306200077
 0.03803727653100038
 1.293267402054013
 52.79573982502853
 7.645492582731077
 0.4564473183720046
 0.03803727653100038
 0.03803727653100038
 0.5325218714340053
 7.379231647014074
 2.05401293267402
 0.07607455306200077
 0.03803727653100038
 0.03803727653100038
 0.1901863826550019
 0.2282236591860023
 0.2282236591860023
 0.07607455306200077
 0.03803727653100038
 0.03803727653100038
 0.03803727653100038
 0.03803727653100038
 0.03803727653100038
 0.03803727653100038
 0.03803727653100038
 0.03803727653100038
 0.03803727653100038
 0.03803727653100038
 0.03803727653100038
 0.03803727653100038
 0.03803727653100038
 0.03803727653100038
 0.1901863826550019
 0.5705591479650057
 0.1901863826550019
 0.1141118295930011
 0.03803727653100038
 0.03803727653100038
 0.5325218714340053
 7.379231647014074
 1.787751996957018
 0.07607455306200077
 0.03803727653100038
 0.03803727653100038
 0.3423354887790034
 1.863826550019019
 0.3042982122480031
 0.03803727653100038
 0.03803727653100038
 0.03803727653100038
 0.03803727653100038
 0.07607455306200077
 0.03803727653100038
 0.03803727653100038
 0.03803727653100038
 0.03803727653100038
 0.03803727653100038
 0.03803727653100038
 0.03803727653100038
 0.03803727653100038
 0.03803727653100038
 0.03803727653100038
 0.03803727653100038
 0.03803727653100038
 0.03803727653100038
 0.03803727653100038
 0.03803727653100038
 0.03803727653100038
 0.03803727653100038
 0.1901863826550019
 0.07607455306200077
 0.03803727653100038
 0.03803727653100038
 0.03803727653100038
 0.07607455306200077
 0.2662609357170027
 0.1141118295930011
 0.03803727653100038
 0.03803727653100038
 0.03803727653100038
 0.1141118295930011
 0.1521491061240015
 0.07607455306200077
 0.03803727653100038
 0.03803727653100038
 0.03803727653100038
 0.03803727653100038
 0.07607455306200077
 0.07607455306200077
 0.03803727653100038


