 0.07241129616220129
 0.07241129616220129
 0.07241129616220129
 0.07241129616220129
 0.07241129616220129
 0.07241129616220129
 0.07241129616220129
 0.07241129616220129
 0.07241129616220129
 0.07241129616220129
 0.07241129616220129
 0.07241129616220129
 0.07241129616220129
 0.07241129616220129
 0.07241129616220129
 0.07241129616220129
 0.07241129616220129
 0.07241129616220129
 0.07241129616220129
 0.07241129616220129
 0.07241129616220129
 0.07241129616220129
 0.07241129616220129
 0.07241129616220129
 0.07241129616220129
 0.07241129616220129
 0.07241129616220129
 0.07241129616220129
 0.1448225923244026
 0.07241129616220129
 0.07241129616220129
 0.07241129616220129
 0.07241129616220129
 0.07241129616220129
 0.07241129616220129
 0.07241129616220129
 0.07241129616220129
 0.07241129616220129
 0.07241129616220129
 0.07241129616220129
 0.07241129616220129
 0.07241129616220129
 0.07241129616220129
 0.07241129616220129
 0.07241129616220129
 0.07241129616220129
 0.07241129616220129
 0.07241129616220129
 0.07241129616220129
 0.07241129616220129
 0.07241129616220129
 0.07241129616220129
 0.07241129616220129
 0.07241129616220129
 0.07241129616220129
 0.07241129616220129
 0.07241129616220129
 0.07241129616220129
 0.07241129616220129
 0.07241129616220129
 0.07241129616220129
 0.07241129616220129
 0.07241129616220129
 0.07241129616220129
 0.07241129616220129
 0.07241129616220129
 0.07241129616220129
 0.07241129616220129
 0.07241129616220129
 0.07241129616220129
 0.07241129616220129
 0.07241129616220129
 0.07241129616220129
 0.07241129616220129
 0.07241129616220129
 0.07241129616220129
 0.07241129616220129
 0.07241129616220129
 0.07241129616220129
 0.07241129616220129
 0.07241129616220129
 0.07241129616220129
 0.07241129616220129
 0.07241129616220129
 0.07241129616220129
 0.07241129616220129
 0.07241129616220129
 0.07241129616220129
 0.07241129616220129
 0.07241129616220129
 0.07241129616220129
 0.07241129616220129
 0.07241129616220129
 0.07241129616220129
 0.07241129616220129
 0.07241129616220129
 0.07241129616220129
 0.07241129616220129
 0.07241129616220129
 0.07241129616220129
 0.1448225923244026
 0.07241129616220129
 0.07241129616220129
 0.07241129616220129
 0.07241129616220129
 0.07241129616220129
 0.07241129616220129
 0.07241129616220129
 0.07241129616220129
 0.07241129616220129
 0.07241129616220129
 0.07241129616220129
 0.07241129616220129
 0.07241129616220129
 0.07241129616220129
 0.07241129616220129
 0.07241129616220129
 0.07241129616220129
 0.07241129616220129
 0.07241129616220129
 0.07241129616220129
 0.07241129616220129
 0.07241129616220129
 0.07241129616220129
 0.07241129616220129
 0.07241129616220129
 0.07241129616220129
 0.07241129616220129
 0.07241129616220129
 0.5068790731354091
 0.4344677769732078
 0.2172338884866039
 0.07241129616220129
 0.07241129616220129
 0.1448225923244026
 0.2896451846488052
 1.230992034757422
 0.3620564808110065
 0.07241129616220129
 0.07241129616220129
 0.07241129616220129
 0.1448225923244026
 0.1448225923244026
 0.2172338884866039
 0.07241129616220129
 0.07241129616220129
 0.07241129616220129
 0.07241129616220129
 0.1448225923244026
 0.07241129616220129
 0.07241129616220129
 0.07241129616220129
 0.07241129616220129
 0.07241129616220129
 0.07241129616220129
 0.07241129616220129
 0.07241129616220129
 0.07241129616220129
 0.07241129616220129
 0.07241129616220129
 0.1448225923244026
 0.07241129616220129
 0.07241129616220129
 0.07241129616220129
 0.07241129616220129
 0.2172338884866039
 1.230992034757422
 0.1448225923244026
 0.1448225923244026
 0.07241129616220129
 0.07241129616220129
 1.158580738595221
 59.08761766835626
 4.996379435191891
 0.07241129616220129
 0.07241129616220129
 0.07241129616220129
 0.4344677769732078
 4.634322954380883
 1.086169442433019
 0.07241129616220129
 0.07241129616220129
 0.07241129616220129
 0.07241129616220129
 0.07241129616220129
 0.07241129616220129
 0.07241129616220129
 0.07241129616220129
 0.07241129616220129
 0.07241129616220129
 0.07241129616220129
 0.07241129616220129
 0.07241129616220129
 0.07241129616220129
 0.07241129616220129
 0.07241129616220129
 0.07241129616220129
 0.07241129616220129
 0.07241129616220129
 0.07241129616220129
 0.07241129616220129
 0.4344677769732078
 0.2896451846488052
 0.1448225923244026
 0.07241129616220129
 0.07241129616220129
 0.07241129616220129
 0.1448225923244026
 4.851556842867487
 0.7965242577842143
 0.07241129616220129
 0.07241129616220129
 0.07241129616220129
 0.2896451846488052
 1.013758146270818
 1.375814627081825


