 0.03933910306845004
 0.03933910306845004
 0.03933910306845004
 0.03933910306845004
 0.03933910306845004
 0.03933910306845004
 0.03933910306845004
 0.03933910306845004
 0.03933910306845004
 0.03933910306845004
 0.03933910306845004
 0.03933910306845004
 0.03933910306845004
 0.03933910306845004
 0.03933910306845004
 0.03933910306845004
 0.03933910306845004
 0.03933910306845004
 0.03933910306845004
 0.03933910306845004
 0.03933910306845004
 0.03933910306845004
 0.03933910306845004
 0.03933910306845004
 0.03933910306845004
 0.03933910306845004
 0.03933910306845004
 0.07867820613690008
 0.03933910306845004
 0.03933910306845004
 0.03933910306845004
 0.03933910306845004
 0.03933910306845004
 0.03933910306845004
 0.03933910306845004
 0.03933910306845004
 0.03933910306845004
 0.03933910306845004
 0.03933910306845004
 0.03933910306845004
 0.03933910306845004
 0.03933910306845004
 0.03933910306845004
 0.03933910306845004
 0.03933910306845004
 0.03933910306845004
 0.03933910306845004
 0.03933910306845004
 0.03933910306845004
 0.03933910306845004
 0.03933910306845004
 0.03933910306845004
 0.03933910306845004
 0.03933910306845004
 0.03933910306845004
 0.03933910306845004
 0.03933910306845004
 0.03933910306845004
 0.03933910306845004
 0.03933910306845004
 0.03933910306845004
 0.03933910306845004
 0.03933910306845004
 0.03933910306845004
 0.03933910306845004
 0.03933910306845004
 0.03933910306845004
 0.03933910306845004
 0.03933910306845004
 0.03933910306845004
 0.03933910306845004
 0.03933910306845004
 0.03933910306845004
 0.03933910306845004
 0.03933910306845004
 0.03933910306845004
 0.03933910306845004
 0.03933910306845004
 0.03933910306845004
 0.03933910306845004
 0.03933910306845004
 0.03933910306845004
 0.03933910306845004
 0.03933910306845004
 0.03933910306845004
 0.03933910306845004
 0.2753737214791503
 0.3147128245476003
 0.1573564122738002
 0.07867820613690008
 0.03933910306845004
 0.03933910306845004
 0.1573564122738002
 0.1180173092053501
 0.4720692368214005
 0.07867820613690008
 0.03933910306845004
 0.03933910306845004
 0.03933910306845004
 0.2360346184107002
 0.3540519276160504
 0.07867820613690008
 0.03933910306845004
 0.03933910306845004
 0.07867820613690008
 0.1180173092053501
 0.03933910306845004
 0.07867820613690008
 0.03933910306845004
 0.03933910306845004
 0.03933910306845004
 0.03933910306845004
 0.07867820613690008
 0.03933910306845004
 0.03933910306845004
 0.03933910306845004
 0.03933910306845004
 0.03933910306845004
 0.03933910306845004
 0.03933910306845004
 0.03933910306845004
 0.03933910306845004
 0.1966955153422502
 0.1573564122738002
 0.2753737214791503
 0.07867820613690008
 0.03933910306845004
 0.03933910306845004
 0.1573564122738002
 1.376868607395751
 2.832415420928403
 0.2360346184107002
 0.03933910306845004
 0.03933910306845004
 0.1573564122738002
 1.927616050354052
 8.103855232100708
 0.6687647521636507
 0.03933910306845004
 0.03933910306845004
 0.03933910306845004
 0.1180173092053501
 0.7474429583005507
 0.1573564122738002
 0.03933910306845004
 0.03933910306845004
 0.03933910306845004
 0.03933910306845004
 0.03933910306845004
 0.03933910306845004
 0.03933910306845004
 0.03933910306845004
 0.03933910306845004
 0.03933910306845004
 0.03933910306845004
 0.03933910306845004
 0.03933910306845004
 0.03933910306845004
 0.07867820613690008
 0.3147128245476003
 0.1966955153422502
 0.1180173092053501
 0.07867820613690008
 0.03933910306845004
 0.3147128245476003
 2.675059008654603
 7.199055861526357
 0.5900865460267506
 0.03933910306845004
 0.03933910306845004
 0.3933910306845004
 8.261211644374509
 44.3351691581432
 1.612903225806452
 0.03933910306845004
 0.03933910306845004
 0.1966955153422502
 0.5507474429583006
 1.337529504327301
 0.5507474429583006
 0.03933910306845004
 0.03933910306845004
 0.03933910306845004
 0.03933910306845004
 0.03933910306845004
 0.03933910306845004
 0.03933910306845004
 0.03933910306845004
 0.03933910306845004
 0.03933910306845004
 0.03933910306845004
 0.03933910306845004
 0.03933910306845004
 0.03933910306845004
 0.2753737214791503
 0.03933910306845004
 0.07867820613690008
 0.03933910306845004
 0.03933910306845004
 0.03933910306845004
 0.07867820613690008
 0.4327301337529505
 0.3540519276160504
 0.1573564122738002
 0.03933910306845004
 0.03933910306845004
 0.1180173092053501
 0.3933910306845004
 1.770259638080252
 0.2753737214791503
 0.03933910306845004
 0.03933910306845004
 0.1180173092053501
 0.2360346184107002
 0.4327301337529505
 0.4720692368214005


