 0.07087172218284904
 0.1417434443656981
 0.07087172218284904
 0.1417434443656981
 0.1417434443656981
 0.07087172218284904
 0.1417434443656981
 0.1417434443656981
 0.07087172218284904
 0.07087172218284904
 0.07087172218284904
 0.07087172218284904
 0.07087172218284904
 0.1417434443656981
 0.1417434443656981
 0.07087172218284904
 0.07087172218284904
 0.07087172218284904
 0.1417434443656981
 0.2834868887313962
 0.2126151665485471
 0.2126151665485471
 0.07087172218284904
 0.07087172218284904
 0.07087172218284904
 0.07087172218284904
 0.07087172218284904
 0.1417434443656981
 0.07087172218284904
 0.1417434443656981
 0.07087172218284904
 0.07087172218284904
 0.07087172218284904
 0.07087172218284904
 0.07087172218284904
 0.07087172218284904
 0.2834868887313962
 0.07087172218284904
 0.07087172218284904
 0.2126151665485471
 0.07087172218284904
 0.07087172218284904
 0.07087172218284904
 0.1417434443656981
 0.07087172218284904
 0.2126151665485471
 0.1417434443656981
 0.07087172218284904
 0.1417434443656981
 0.07087172218284904
 0.4961020552799433
 0.9922041105598866
 0.1417434443656981
 0.1417434443656981
 0.2126151665485471
 0.3543586109142452
 0.4961020552799433
 0.9213323883770376
 0.07087172218284904
 0.07087172218284904
 0.07087172218284904
 0.07087172218284904
 0.07087172218284904
 0.1417434443656981
 0.1417434443656981
 0.1417434443656981
 0.07087172218284904
 0.07087172218284904
 0.07087172218284904
 0.07087172218284904
 0.07087172218284904
 0.07087172218284904
 0.07087172218284904
 0.07087172218284904
 0.07087172218284904
 0.1417434443656981
 0.07087172218284904
 0.07087172218284904
 0.07087172218284904
 0.07087172218284904
 0.5669737774627923
 0.7087172218284904
 0.1417434443656981
 0.07087172218284904
 0.07087172218284904
 0.6378454996456413
 2.763997165131113
 4.748405386250886
 0.5669737774627923
 0.2126151665485471
 0.07087172218284904
 0.7087172218284904
 5.386250885896527
 7.228915662650602
 0.9922041105598866
 0.2126151665485471
 0.1417434443656981
 0.07087172218284904
 0.4252303330970942
 1.133947554925585
 0.1417434443656981
 0.2126151665485471
 0.07087172218284904
 0.1417434443656981
 0.1417434443656981
 0.2834868887313962
 0.07087172218284904
 0.1417434443656981
 0.07087172218284904
 0.1417434443656981
 0.2126151665485471
 0.2126151665485471
 0.1417434443656981
 0.07087172218284904
 0.2126151665485471
 0.2126151665485471
 0.9922041105598866
 0.9922041105598866
 0.1417434443656981
 0.07087172218284904
 0.07087172218284904
 0.6378454996456413
 5.244507441530829
 7.866761162296244
 1.063075832742736
 0.1417434443656981
 0.2126151665485471
 0.9213323883770376
 7.795889440113394
 18.28490432317505
 0.7087172218284904
 0.2834868887313962
 0.07087172218284904
 0.1417434443656981
 0.5669737774627923
 1.204819277108434
 0.1417434443656981
 0.1417434443656981
 0.07087172218284904
 0.07087172218284904
 0.2126151665485471
 0.2834868887313962
 0.1417434443656981
 0.1417434443656981
 0.07087172218284904
 0.07087172218284904
 0.07087172218284904
 0.2126151665485471
 0.07087172218284904
 0.07087172218284904
 0.07087172218284904
 0.07087172218284904
 0.2126151665485471
 0.07087172218284904
 0.07087172218284904
 0.07087172218284904
 0.07087172218284904
 0.07087172218284904
 0.1417434443656981
 0.7795889440113395
 0.07087172218284904
 0.1417434443656981
 0.1417434443656981
 0.3543586109142452
 0.8504606661941885
 1.133947554925585
 0.2834868887313962
 0.1417434443656981
 0.07087172218284904
 0.1417434443656981
 0.07087172218284904
 0.2126151665485471
 0.07087172218284904
 0.07087172218284904
 0.07087172218284904
 0.1417434443656981
 0.1417434443656981
 0.2126151665485471
 0.07087172218284904
 0.1417434443656981
 0.07087172218284904
 0.07087172218284904
 0.07087172218284904
 0.07087172218284904
 0.07087172218284904
 0.07087172218284904
 0.2126151665485471
 0.07087172218284904
 0.07087172218284904
 0.07087172218284904
 0.07087172218284904
 0.07087172218284904
 0.07087172218284904
 0.07087172218284904
 0.2126151665485471
 0.1417434443656981
 0.2126151665485471
 0.1417434443656981
 0.07087172218284904
 0.07087172218284904
 0.2126151665485471
 0.4252303330970942
 0.1417434443656981
 0.1417434443656981
 0.1417434443656981
 0.07087172218284904
 0.07087172218284904
 0.07087172218284904
 0.07087172218284904
 0.07087172218284904
 0.07087172218284904
 0.07087172218284904
 0.2126151665485471
 0.1417434443656981
 0.07087172218284904
 0.2834868887313962


