 0.03796507213363706
 0.03796507213363706
 0.03796507213363706
 0.03796507213363706
 0.03796507213363706
 0.03796507213363706
 0.03796507213363706
 0.03796507213363706
 0.03796507213363706
 0.03796507213363706
 0.03796507213363706
 0.03796507213363706
 0.03796507213363706
 0.03796507213363706
 0.03796507213363706
 0.03796507213363706
 0.03796507213363706
 0.03796507213363706
 0.03796507213363706
 0.03796507213363706
 0.03796507213363706
 0.03796507213363706
 0.03796507213363706
 0.03796507213363706
 0.03796507213363706
 0.03796507213363706
 0.03796507213363706
 0.03796507213363706
 0.07593014426727411
 0.03796507213363706
 0.03796507213363706
 0.03796507213363706
 0.03796507213363706
 0.03796507213363706
 0.03796507213363706
 0.03796507213363706
 0.03796507213363706
 0.03796507213363706
 0.03796507213363706
 0.03796507213363706
 0.03796507213363706
 0.03796507213363706
 0.03796507213363706
 0.03796507213363706
 0.03796507213363706
 0.03796507213363706
 0.03796507213363706
 0.03796507213363706
 0.03796507213363706
 0.03796507213363706
 0.03796507213363706
 0.03796507213363706
 0.03796507213363706
 0.03796507213363706
 0.03796507213363706
 0.03796507213363706
 0.03796507213363706
 0.03796507213363706
 0.03796507213363706
 0.03796507213363706
 0.03796507213363706
 0.03796507213363706
 0.03796507213363706
 0.03796507213363706
 0.03796507213363706
 0.03796507213363706
 0.03796507213363706
 0.03796507213363706
 0.03796507213363706
 0.03796507213363706
 0.03796507213363706
 0.03796507213363706
 0.03796507213363706
 0.03796507213363706
 0.03796507213363706
 0.03796507213363706
 0.03796507213363706
 0.03796507213363706
 0.03796507213363706
 0.03796507213363706
 0.03796507213363706
 0.03796507213363706
 0.03796507213363706
 0.03796507213363706
 0.03796507213363706
 0.03796507213363706
 0.03796507213363706
 0.03796507213363706
 0.03796507213363706
 0.03796507213363706
 0.03796507213363706
 0.03796507213363706
 0.03796507213363706
 0.03796507213363706
 0.03796507213363706
 0.03796507213363706
 0.03796507213363706
 0.03796507213363706
 0.03796507213363706
 0.03796507213363706
 0.03796507213363706
 0.03796507213363706
 0.03796507213363706
 0.03796507213363706
 0.03796507213363706
 0.03796507213363706
 0.03796507213363706
 0.03796507213363706
 0.03796507213363706
 0.03796507213363706
 0.03796507213363706
 0.03796507213363706
 0.07593014426727411
 0.03796507213363706
 0.03796507213363706
 0.03796507213363706
 0.03796507213363706
 0.03796507213363706
 0.03796507213363706
 0.03796507213363706
 0.03796507213363706
 0.03796507213363706
 0.03796507213363706
 0.03796507213363706
 0.03796507213363706
 0.03796507213363706
 0.03796507213363706
 0.03796507213363706
 0.03796507213363706
 0.1138952164009112
 0.1518602885345482
 0.03796507213363706
 0.03796507213363706
 0.03796507213363706
 0.03796507213363706
 0.1138952164009112
 0.6074411541381929
 0.1138952164009112
 0.03796507213363706
 0.03796507213363706
 0.03796507213363706
 0.03796507213363706
 0.07593014426727411
 0.03796507213363706
 0.03796507213363706
 0.03796507213363706
 0.03796507213363706
 0.03796507213363706
 0.03796507213363706
 0.03796507213363706
 0.03796507213363706
 0.03796507213363706
 0.03796507213363706
 0.03796507213363706
 0.03796507213363706
 0.03796507213363706
 0.03796507213363706
 0.03796507213363706
 0.03796507213363706
 0.03796507213363706
 0.03796507213363706
 0.03796507213363706
 0.07593014426727411
 0.03796507213363706
 0.03796507213363706
 0.1138952164009112
 0.6074411541381929
 0.07593014426727411
 0.03796507213363706
 0.03796507213363706
 0.03796507213363706
 0.64540622627183
 65.37585421412301
 6.757782839787396
 0.03796507213363706
 0.03796507213363706
 0.03796507213363706
 0.03796507213363706
 6.416097190584662
 1.366742596810934
 0.03796507213363706
 0.03796507213363706
 0.03796507213363706
 0.03796507213363706
 0.03796507213363706
 0.03796507213363706
 0.03796507213363706
 0.03796507213363706
 0.03796507213363706
 0.03796507213363706
 0.03796507213363706
 0.03796507213363706
 0.03796507213363706
 0.03796507213363706
 0.03796507213363706
 0.03796507213363706
 0.03796507213363706
 0.03796507213363706
 0.03796507213363706
 0.03796507213363706
 0.03796507213363706
 0.07593014426727411
 0.07593014426727411
 0.03796507213363706
 0.03796507213363706
 0.03796507213363706
 0.03796507213363706
 0.07593014426727411
 6.795747911921032
 0.9491268033409264
 0.03796507213363706
 0.03796507213363706
 0.03796507213363706
 0.1138952164009112
 1.29081245254366
 0.6074411541381929


