 0.1132502831257078
 0.1698754246885617
 0.1132502831257078
 0.05662514156285391
 0.05662514156285391
 0.05662514156285391
 0.05662514156285391
 0.05662514156285391
 0.1132502831257078
 0.1132502831257078
 0.1132502831257078
 0.05662514156285391
 0.1132502831257078
 0.05662514156285391
 0.1132502831257078
 0.2831257078142695
 0.1132502831257078
 0.1132502831257078
 0.1132502831257078
 0.05662514156285391
 0.2265005662514157
 0.1132502831257078
 0.05662514156285391
 0.1132502831257078
 0.05662514156285391
 0.05662514156285391
 0.05662514156285391
 0.05662514156285391
 0.05662514156285391
 0.1132502831257078
 0.05662514156285391
 0.05662514156285391
 0.05662514156285391
 0.05662514156285391
 0.05662514156285391
 0.05662514156285391
 0.05662514156285391
 0.05662514156285391
 0.05662514156285391
 0.05662514156285391
 0.05662514156285391
 0.05662514156285391
 0.05662514156285391
 0.05662514156285391
 0.1132502831257078
 0.05662514156285391
 0.05662514156285391
 0.05662514156285391
 0.1132502831257078
 0.05662514156285391
 1.132502831257078
 0.9626274065685164
 0.1132502831257078
 0.1132502831257078
 0.1132502831257078
 0.1132502831257078
 0.5096262740656852
 0.2831257078142695
 0.1698754246885617
 0.05662514156285391
 0.05662514156285391
 0.05662514156285391
 0.05662514156285391
 0.1132502831257078
 0.05662514156285391
 0.05662514156285391
 0.1132502831257078
 0.05662514156285391
 0.05662514156285391
 0.1132502831257078
 0.05662514156285391
 0.05662514156285391
 0.1132502831257078
 0.05662514156285391
 0.3397508493771235
 0.2265005662514157
 0.1132502831257078
 0.05662514156285391
 0.05662514156285391
 0.1132502831257078
 1.075877689694224
 0.3397508493771235
 0.05662514156285391
 0.1132502831257078
 0.2831257078142695
 0.7927519818799547
 10.53227633069083
 8.380520951302378
 1.132502831257078
 0.2265005662514157
 0.1132502831257078
 0.8493771234428085
 10.30577576443941
 6.115515288788222
 1.132502831257078
 0.1698754246885617
 0.1132502831257078
 0.2265005662514157
 0.622876557191393
 0.9060022650056626
 0.3397508493771235
 0.1132502831257078
 0.05662514156285391
 0.05662514156285391
 0.1132502831257078
 0.2265005662514157
 0.3397508493771235
 0.1698754246885617
 0.05662514156285391
 0.05662514156285391
 0.1132502831257078
 0.2265005662514157
 0.05662514156285391
 0.05662514156285391
 0.05662514156285391
 0.05662514156285391
 0.8493771234428085
 0.4530011325028313
 0.05662514156285391
 0.1132502831257078
 0.1698754246885617
 0.7361268403171007
 8.437146092865232
 8.380520951302378
 0.6795016987542469
 0.3397508493771235
 0.05662514156285391
 0.3397508493771235
 6.511891279728199
 3.680634201585504
 0.5662514156285391
 0.1132502831257078
 0.1132502831257078
 0.1698754246885617
 0.9060022650056626
 0.5096262740656852
 0.2831257078142695
 0.1132502831257078
 0.05662514156285391
 0.05662514156285391
 0.1698754246885617
 0.1132502831257078
 0.1132502831257078
 0.1132502831257078
 0.1132502831257078
 0.05662514156285391
 0.1132502831257078
 0.05662514156285391
 0.05662514156285391
 0.05662514156285391
 0.05662514156285391
 0.05662514156285391
 0.2831257078142695
 0.2265005662514157
 0.05662514156285391
 0.05662514156285391
 0.1132502831257078
 0.05662514156285391
 0.8493771234428085
 0.6795016987542469
 0.1698754246885617
 0.1132502831257078
 0.1132502831257078
 0.1698754246885617
 1.01925254813137
 0.7361268403171007
 0.1132502831257078
 0.05662514156285391
 0.05662514156285391
 0.05662514156285391
 0.2265005662514157
 0.4530011325028313
 0.1132502831257078
 0.05662514156285391
 0.05662514156285391
 0.05662514156285391
 0.05662514156285391
 0.1132502831257078
 0.05662514156285391
 0.1698754246885617
 0.1132502831257078
 0.1132502831257078
 0.05662514156285391
 0.05662514156285391
 0.05662514156285391
 0.05662514156285391
 0.05662514156285391
 0.05662514156285391
 0.05662514156285391
 0.05662514156285391
 0.05662514156285391
 0.05662514156285391
 0.1132502831257078
 0.05662514156285391
 0.2831257078142695
 0.05662514156285391
 0.1132502831257078
 0.05662514156285391
 0.05662514156285391
 0.05662514156285391
 0.1698754246885617
 0.2831257078142695
 0.05662514156285391
 0.1132502831257078
 0.05662514156285391
 0.1698754246885617
 0.1132502831257078
 0.1698754246885617
 0.1132502831257078
 0.05662514156285391
 0.1132502831257078
 0.05662514156285391
 0.2265005662514157
 0.1132502831257078
 0.05662514156285391
 0.2265005662514157


