 0.05452562704471102
 0.05452562704471102
 0.05452562704471102
 0.05452562704471102
 0.05452562704471102
 0.05452562704471102
 0.05452562704471102
 0.05452562704471102
 0.05452562704471102
 0.05452562704471102
 0.05452562704471102
 0.05452562704471102
 0.05452562704471102
 0.05452562704471102
 0.05452562704471102
 0.05452562704471102
 0.05452562704471102
 0.05452562704471102
 0.05452562704471102
 0.05452562704471102
 0.05452562704471102
 0.05452562704471102
 0.05452562704471102
 0.05452562704471102
 0.05452562704471102
 0.05452562704471102
 0.05452562704471102
 0.05452562704471102
 0.109051254089422
 0.05452562704471102
 0.05452562704471102
 0.05452562704471102
 0.05452562704471102
 0.05452562704471102
 0.05452562704471102
 0.05452562704471102
 0.05452562704471102
 0.05452562704471102
 0.05452562704471102
 0.05452562704471102
 0.05452562704471102
 0.05452562704471102
 0.05452562704471102
 0.05452562704471102
 0.05452562704471102
 0.05452562704471102
 0.05452562704471102
 0.05452562704471102
 0.05452562704471102
 0.05452562704471102
 0.05452562704471102
 0.05452562704471102
 0.05452562704471102
 0.05452562704471102
 0.05452562704471102
 0.05452562704471102
 0.05452562704471102
 0.05452562704471102
 0.05452562704471102
 0.05452562704471102
 0.05452562704471102
 0.05452562704471102
 0.05452562704471102
 0.05452562704471102
 0.109051254089422
 0.05452562704471102
 0.05452562704471102
 0.05452562704471102
 0.05452562704471102
 0.05452562704471102
 0.05452562704471102
 0.05452562704471102
 0.05452562704471102
 0.05452562704471102
 0.05452562704471102
 0.05452562704471102
 0.05452562704471102
 0.05452562704471102
 0.05452562704471102
 0.05452562704471102
 0.05452562704471102
 0.05452562704471102
 0.05452562704471102
 0.05452562704471102
 0.05452562704471102
 0.05452562704471102
 0.05452562704471102
 0.05452562704471102
 0.05452562704471102
 0.05452562704471102
 0.05452562704471102
 0.05452562704471102
 0.05452562704471102
 0.05452562704471102
 0.05452562704471102
 0.05452562704471102
 0.05452562704471102
 0.05452562704471102
 0.05452562704471102
 0.05452562704471102
 0.05452562704471102
 0.05452562704471102
 0.05452562704471102
 0.05452562704471102
 0.05452562704471102
 0.05452562704471102
 0.05452562704471102
 0.05452562704471102
 0.05452562704471102
 0.05452562704471102
 0.05452562704471102
 0.05452562704471102
 0.05452562704471102
 0.05452562704471102
 0.05452562704471102
 0.05452562704471102
 0.05452562704471102
 0.05452562704471102
 0.05452562704471102
 0.05452562704471102
 0.05452562704471102
 0.05452562704471102
 0.05452562704471102
 0.05452562704471102
 0.05452562704471102
 0.05452562704471102
 0.05452562704471102
 0.05452562704471102
 0.05452562704471102
 0.05452562704471102
 0.05452562704471102
 0.05452562704471102
 0.05452562704471102
 0.05452562704471102
 0.05452562704471102
 0.05452562704471102
 0.109051254089422
 0.05452562704471102
 0.05452562704471102
 0.05452562704471102
 0.05452562704471102
 0.05452562704471102
 0.05452562704471102
 0.05452562704471102
 0.05452562704471102
 0.05452562704471102
 0.05452562704471102
 0.05452562704471102
 0.109051254089422
 0.05452562704471102
 0.05452562704471102
 0.05452562704471102
 0.05452562704471102
 0.05452562704471102
 0.05452562704471102
 0.05452562704471102
 0.05452562704471102
 0.05452562704471102
 0.05452562704471102
 0.05452562704471102
 0.05452562704471102
 0.05452562704471102
 0.05452562704471102
 0.05452562704471102
 0.05452562704471102
 0.05452562704471102
 0.109051254089422
 0.05452562704471102
 0.109051254089422
 0.05452562704471102
 0.05452562704471102
 0.05452562704471102
 64.01308615049072
 6.870229007633588
 0.05452562704471102
 0.109051254089422
 0.05452562704471102
 0.05452562704471102
 6.161395856052344
 1.526717557251908
 0.05452562704471102
 0.05452562704471102
 0.05452562704471102
 0.05452562704471102
 0.05452562704471102
 0.05452562704471102
 0.05452562704471102
 0.05452562704471102
 0.05452562704471102
 0.05452562704471102
 0.109051254089422
 0.05452562704471102
 0.05452562704471102
 0.05452562704471102
 0.05452562704471102
 0.05452562704471102
 0.05452562704471102
 0.05452562704471102
 0.05452562704471102
 0.05452562704471102
 0.05452562704471102
 0.05452562704471102
 0.05452562704471102
 0.05452562704471102
 0.05452562704471102
 0.05452562704471102
 0.05452562704471102
 0.109051254089422
 6.761177753544166
 0.8724100327153763
 0.05452562704471102
 0.05452562704471102
 0.05452562704471102
 0.05452562704471102
 1.526717557251908
 0.4362050163576882


