 0.3425961172440046
 0.07613247049866768
 0.03806623524933384
 0.1522649409973354
 0.07613247049866768
 0.07613247049866768
 0.03806623524933384
 0.03806623524933384
 0.03806623524933384
 0.2664636467453368
 0.03806623524933384
 0.03806623524933384
 0.03806623524933384
 0.1522649409973354
 0.1522649409973354
 0.3045298819946707
 0.1141987057480015
 0.03806623524933384
 0.1141987057480015
 0.07613247049866768
 0.228397411496003
 0.228397411496003
 0.1903311762466692
 0.03806623524933384
 0.07613247049866768
 0.07613247049866768
 0.03806623524933384
 0.07613247049866768
 0.03806623524933384
 0.07613247049866768
 0.03806623524933384
 0.03806623524933384
 0.03806623524933384
 0.07613247049866768
 0.03806623524933384
 0.1141987057480015
 0.03806623524933384
 0.07613247049866768
 0.228397411496003
 0.1141987057480015
 0.03806623524933384
 0.03806623524933384
 0.07613247049866768
 0.1141987057480015
 0.1522649409973354
 0.1903311762466692
 0.1522649409973354
 0.07613247049866768
 0.07613247049866768
 0.1903311762466692
 0.8755234107346783
 0.8755234107346783
 0.1903311762466692
 0.1141987057480015
 0.1903311762466692
 0.228397411496003
 1.065854586981347
 0.9135896459840122
 0.2664636467453368
 0.1903311762466692
 0.03806623524933384
 0.1522649409973354
 0.228397411496003
 0.2664636467453368
 0.1903311762466692
 0.03806623524933384
 0.03806623524933384
 0.07613247049866768
 0.07613247049866768
 0.1141987057480015
 0.07613247049866768
 0.1141987057480015
 0.1141987057480015
 0.03806623524933384
 0.1141987057480015
 0.2664636467453368
 0.1141987057480015
 0.03806623524933384
 0.03806623524933384
 0.1141987057480015
 0.7993909402360105
 0.8374571754853445
 0.3045298819946707
 0.1141987057480015
 0.1141987057480015
 0.7613247049866768
 7.384849638370765
 6.357061286638752
 1.065854586981347
 0.3425961172440046
 0.2664636467453368
 1.332318233726684
 7.23258469737343
 6.851922344880092
 0.723258469737343
 0.3045298819946707
 0.07613247049866768
 0.228397411496003
 0.8374571754853445
 1.027788351732014
 0.1522649409973354
 0.07613247049866768
 0.03806623524933384
 0.03806623524933384
 0.3045298819946707
 0.1903311762466692
 0.1903311762466692
 0.07613247049866768
 0.07613247049866768
 0.1141987057480015
 0.3045298819946707
 0.228397411496003
 0.07613247049866768
 0.1141987057480015
 0.1903311762466692
 0.2664636467453368
 0.9897221164826799
 1.370384468976018
 0.1903311762466692
 0.1522649409973354
 0.2664636467453368
 0.8755234107346783
 6.509326227636087
 8.222306813856109
 0.723258469737343
 0.1903311762466692
 0.1903311762466692
 1.180053292729349
 7.004187285877427
 5.976398934145413
 0.5329272934906737
 0.1522649409973354
 0.03806623524933384
 0.2664636467453368
 0.723258469737343
 0.6851922344880091
 0.1522649409973354
 0.1141987057480015
 0.07613247049866768
 0.07613247049866768
 0.07613247049866768
 0.3045298819946707
 0.03806623524933384
 0.2664636467453368
 0.07613247049866768
 0.07613247049866768
 0.07613247049866768
 0.07613247049866768
 0.03806623524933384
 0.03806623524933384
 0.1522649409973354
 0.1522649409973354
 0.2664636467453368
 0.1141987057480015
 0.1522649409973354
 0.07613247049866768
 0.1141987057480015
 0.1522649409973354
 0.9897221164826799
 0.6090597639893415
 0.228397411496003
 0.07613247049866768
 0.07613247049866768
 0.3045298819946707
 0.8755234107346783
 0.8374571754853445
 0.1903311762466692
 0.03806623524933384
 0.07613247049866768
 0.1522649409973354
 0.1903311762466692
 0.1903311762466692
 0.03806623524933384
 0.03806623524933384
 0.07613247049866768
 0.07613247049866768
 0.03806623524933384
 0.07613247049866768
 0.07613247049866768
 0.1141987057480015
 0.1141987057480015
 0.07613247049866768
 0.03806623524933384
 0.03806623524933384
 0.03806623524933384
 0.03806623524933384
 0.03806623524933384
 0.07613247049866768
 0.07613247049866768
 0.07613247049866768
 0.07613247049866768
 0.03806623524933384
 0.07613247049866768
 0.07613247049866768
 0.1141987057480015
 0.3425961172440046
 0.07613247049866768
 0.07613247049866768
 0.07613247049866768
 0.03806623524933384
 0.3425961172440046
 0.2664636467453368
 0.07613247049866768
 0.1141987057480015
 0.07613247049866768
 0.03806623524933384
 0.1522649409973354
 0.07613247049866768
 0.1141987057480015
 0.1141987057480015
 0.07613247049866768
 0.07613247049866768
 0.228397411496003
 0.1522649409973354
 0.1522649409973354
 0.3425961172440046


