 0.03915426781519186
 0.03915426781519186
 0.03915426781519186
 0.03915426781519186
 0.03915426781519186
 0.03915426781519186
 0.03915426781519186
 0.03915426781519186
 0.03915426781519186
 0.03915426781519186
 0.03915426781519186
 0.03915426781519186
 0.03915426781519186
 0.03915426781519186
 0.03915426781519186
 0.03915426781519186
 0.03915426781519186
 0.03915426781519186
 0.03915426781519186
 0.03915426781519186
 0.03915426781519186
 0.03915426781519186
 0.03915426781519186
 0.03915426781519186
 0.03915426781519186
 0.03915426781519186
 0.03915426781519186
 0.03915426781519186
 0.07830853563038372
 0.03915426781519186
 0.03915426781519186
 0.03915426781519186
 0.03915426781519186
 0.03915426781519186
 0.03915426781519186
 0.03915426781519186
 0.03915426781519186
 0.03915426781519186
 0.03915426781519186
 0.03915426781519186
 0.03915426781519186
 0.03915426781519186
 0.03915426781519186
 0.03915426781519186
 0.03915426781519186
 0.03915426781519186
 0.03915426781519186
 0.03915426781519186
 0.03915426781519186
 0.03915426781519186
 0.03915426781519186
 0.03915426781519186
 0.03915426781519186
 0.03915426781519186
 0.03915426781519186
 0.03915426781519186
 0.03915426781519186
 0.03915426781519186
 0.03915426781519186
 0.03915426781519186
 0.03915426781519186
 0.03915426781519186
 0.03915426781519186
 0.03915426781519186
 0.03915426781519186
 0.03915426781519186
 0.03915426781519186
 0.03915426781519186
 0.03915426781519186
 0.03915426781519186
 0.03915426781519186
 0.03915426781519186
 0.03915426781519186
 0.03915426781519186
 0.03915426781519186
 0.03915426781519186
 0.03915426781519186
 0.03915426781519186
 0.03915426781519186
 0.03915426781519186
 0.03915426781519186
 0.03915426781519186
 0.03915426781519186
 0.03915426781519186
 0.03915426781519186
 0.03915426781519186
 0.1566170712607674
 0.1174628034455756
 0.1566170712607674
 0.03915426781519186
 0.03915426781519186
 0.03915426781519186
 0.1566170712607674
 0.07830853563038372
 0.3132341425215349
 0.1957713390759593
 0.03915426781519186
 0.03915426781519186
 0.07830853563038372
 0.2349256068911512
 0.4698512137823023
 0.1957713390759593
 0.03915426781519186
 0.03915426781519186
 0.03915426781519186
 0.03915426781519186
 0.03915426781519186
 0.07830853563038372
 0.03915426781519186
 0.03915426781519186
 0.03915426781519186
 0.03915426781519186
 0.03915426781519186
 0.03915426781519186
 0.03915426781519186
 0.03915426781519186
 0.03915426781519186
 0.03915426781519186
 0.03915426781519186
 0.03915426781519186
 0.03915426781519186
 0.03915426781519186
 0.07830853563038372
 0.1566170712607674
 0.3523884103367267
 0.07830853563038372
 0.03915426781519186
 0.03915426781519186
 0.1566170712607674
 1.05716523101018
 3.288958496476116
 0.3523884103367267
 0.03915426781519186
 0.03915426781519186
 0.3132341425215349
 3.171495693030541
 10.02349256068912
 0.6656225528582616
 0.03915426781519186
 0.03915426781519186
 0.07830853563038372
 0.274079874706343
 0.5873140172278779
 0.1957713390759593
 0.03915426781519186
 0.03915426781519186
 0.03915426781519186
 0.03915426781519186
 0.07830853563038372
 0.03915426781519186
 0.03915426781519186
 0.03915426781519186
 0.03915426781519186
 0.03915426781519186
 0.03915426781519186
 0.03915426781519186
 0.03915426781519186
 0.03915426781519186
 0.1957713390759593
 0.3915426781519186
 0.3523884103367267
 0.03915426781519186
 0.03915426781519186
 0.03915426781519186
 0.3132341425215349
 3.563038371182459
 9.827721221613157
 0.5090054815974941
 0.07830853563038372
 0.03915426781519186
 0.5090054815974941
 10.33672670321065
 37.23570869224746
 1.096319498825372
 0.03915426781519186
 0.03915426781519186
 0.07830853563038372
 0.5090054815974941
 1.135473766640564
 0.3523884103367267
 0.03915426781519186
 0.03915426781519186
 0.03915426781519186
 0.03915426781519186
 0.03915426781519186
 0.03915426781519186
 0.03915426781519186
 0.03915426781519186
 0.03915426781519186
 0.03915426781519186
 0.03915426781519186
 0.03915426781519186
 0.03915426781519186
 0.03915426781519186
 0.03915426781519186
 0.07830853563038372
 0.1174628034455756
 0.03915426781519186
 0.03915426781519186
 0.03915426781519186
 0.07830853563038372
 0.1566170712607674
 0.7439310884886452
 0.07830853563038372
 0.03915426781519186
 0.03915426781519186
 0.07830853563038372
 0.4306969459671104
 1.448707909162099
 0.1174628034455756
 0.03915426781519186
 0.03915426781519186
 0.07830853563038372
 0.2349256068911512
 0.3132341425215349
 0.2349256068911512


