 0.08143322475570033
 0.08143322475570033
 0.08143322475570033
 0.08143322475570033
 0.08143322475570033
 0.08143322475570033
 0.08143322475570033
 0.08143322475570033
 0.08143322475570033
 0.08143322475570033
 0.08143322475570033
 0.08143322475570033
 0.08143322475570033
 0.08143322475570033
 0.08143322475570033
 0.08143322475570033
 0.08143322475570033
 0.08143322475570033
 0.08143322475570033
 0.08143322475570033
 0.08143322475570033
 0.08143322475570033
 0.08143322475570033
 0.08143322475570033
 0.08143322475570033
 0.08143322475570033
 0.08143322475570033
 0.08143322475570033
 0.2442996742671009
 0.08143322475570033
 0.08143322475570033
 0.08143322475570033
 0.08143322475570033
 0.08143322475570033
 0.08143322475570033
 0.08143322475570033
 0.08143322475570033
 0.08143322475570033
 0.08143322475570033
 0.08143322475570033
 0.08143322475570033
 0.08143322475570033
 0.08143322475570033
 0.08143322475570033
 0.08143322475570033
 0.08143322475570033
 0.08143322475570033
 0.08143322475570033
 0.08143322475570033
 0.08143322475570033
 0.08143322475570033
 0.08143322475570033
 0.08143322475570033
 0.08143322475570033
 0.08143322475570033
 0.08143322475570033
 0.08143322475570033
 0.08143322475570033
 0.08143322475570033
 0.08143322475570033
 0.08143322475570033
 0.08143322475570033
 0.08143322475570033
 0.08143322475570033
 0.08143322475570033
 0.08143322475570033
 0.08143322475570033
 0.08143322475570033
 0.08143322475570033
 0.08143322475570033
 0.08143322475570033
 0.08143322475570033
 0.08143322475570033
 0.08143322475570033
 0.08143322475570033
 0.08143322475570033
 0.08143322475570033
 0.08143322475570033
 0.08143322475570033
 0.08143322475570033
 0.08143322475570033
 0.08143322475570033
 0.08143322475570033
 0.08143322475570033
 0.08143322475570033
 0.08143322475570033
 0.08143322475570033
 0.08143322475570033
 0.08143322475570033
 0.08143322475570033
 0.08143322475570033
 0.08143322475570033
 0.08143322475570033
 0.08143322475570033
 0.08143322475570033
 0.08143322475570033
 0.08143322475570033
 0.08143322475570033
 0.08143322475570033
 0.08143322475570033
 0.08143322475570033
 0.08143322475570033
 0.08143322475570033
 0.08143322475570033
 0.08143322475570033
 0.08143322475570033
 0.08143322475570033
 0.08143322475570033
 0.08143322475570033
 0.08143322475570033
 0.08143322475570033
 0.08143322475570033
 0.08143322475570033
 0.08143322475570033
 0.08143322475570033
 0.08143322475570033
 0.08143322475570033
 0.08143322475570033
 0.08143322475570033
 0.08143322475570033
 0.08143322475570033
 0.08143322475570033
 0.08143322475570033
 0.08143322475570033
 0.08143322475570033
 0.08143322475570033
 0.08143322475570033
 0.08143322475570033
 0.08143322475570033
 0.1628664495114007
 0.1628664495114007
 0.08143322475570033
 0.08143322475570033
 0.08143322475570033
 0.08143322475570033
 0.1628664495114007
 0.6514657980456027
 0.1628664495114007
 0.08143322475570033
 0.08143322475570033
 0.08143322475570033
 0.08143322475570033
 0.1628664495114007
 0.08143322475570033
 0.08143322475570033
 0.08143322475570033
 0.08143322475570033
 0.08143322475570033
 0.2442996742671009
 0.08143322475570033
 0.08143322475570033
 0.08143322475570033
 0.08143322475570033
 0.08143322475570033
 0.08143322475570033
 0.08143322475570033
 0.08143322475570033
 0.08143322475570033
 0.08143322475570033
 0.08143322475570033
 0.08143322475570033
 0.08143322475570033
 0.08143322475570033
 0.08143322475570033
 0.08143322475570033
 0.1628664495114007
 0.5700325732899023
 0.1628664495114007
 0.2442996742671009
 0.08143322475570033
 0.08143322475570033
 0.5700325732899023
 64.41368078175896
 4.397394136807818
 0.08143322475570033
 0.08143322475570033
 0.08143322475570033
 0.2442996742671009
 3.908794788273615
 0.9771986970684038
 0.08143322475570033
 0.08143322475570033
 0.08143322475570033
 0.08143322475570033
 0.08143322475570033
 0.08143322475570033
 0.08143322475570033
 0.08143322475570033
 0.08143322475570033
 0.08143322475570033
 0.08143322475570033
 0.08143322475570033
 0.08143322475570033
 0.08143322475570033
 0.08143322475570033
 0.08143322475570033
 0.08143322475570033
 0.08143322475570033
 0.08143322475570033
 0.08143322475570033
 0.08143322475570033
 0.08143322475570033
 0.2442996742671009
 0.08143322475570033
 0.08143322475570033
 0.08143322475570033
 0.08143322475570033
 0.1628664495114007
 4.397394136807818
 0.5700325732899023
 0.08143322475570033
 0.08143322475570033
 0.08143322475570033
 0.08143322475570033
 0.9771986970684038
 0.4071661237785016


