 0.03933910306845004
 0.03933910306845004
 0.03933910306845004
 0.03933910306845004
 0.03933910306845004
 0.03933910306845004
 0.03933910306845004
 0.03933910306845004
 0.03933910306845004
 0.03933910306845004
 0.03933910306845004
 0.03933910306845004
 0.03933910306845004
 0.03933910306845004
 0.03933910306845004
 0.03933910306845004
 0.03933910306845004
 0.03933910306845004
 0.03933910306845004
 0.03933910306845004
 0.03933910306845004
 0.03933910306845004
 0.03933910306845004
 0.03933910306845004
 0.03933910306845004
 0.03933910306845004
 0.03933910306845004
 0.03933910306845004
 0.1180173092053501
 0.03933910306845004
 0.03933910306845004
 0.03933910306845004
 0.03933910306845004
 0.03933910306845004
 0.03933910306845004
 0.03933910306845004
 0.03933910306845004
 0.03933910306845004
 0.03933910306845004
 0.03933910306845004
 0.03933910306845004
 0.03933910306845004
 0.03933910306845004
 0.03933910306845004
 0.03933910306845004
 0.03933910306845004
 0.03933910306845004
 0.03933910306845004
 0.03933910306845004
 0.03933910306845004
 0.03933910306845004
 0.03933910306845004
 0.03933910306845004
 0.03933910306845004
 0.03933910306845004
 0.03933910306845004
 0.03933910306845004
 0.03933910306845004
 0.03933910306845004
 0.03933910306845004
 0.03933910306845004
 0.03933910306845004
 0.03933910306845004
 0.03933910306845004
 0.03933910306845004
 0.03933910306845004
 0.03933910306845004
 0.03933910306845004
 0.03933910306845004
 0.03933910306845004
 0.03933910306845004
 0.03933910306845004
 0.03933910306845004
 0.03933910306845004
 0.03933910306845004
 0.03933910306845004
 0.03933910306845004
 0.03933910306845004
 0.03933910306845004
 0.03933910306845004
 0.03933910306845004
 0.03933910306845004
 0.03933910306845004
 0.03933910306845004
 0.03933910306845004
 0.03933910306845004
 0.03933910306845004
 0.03933910306845004
 0.03933910306845004
 0.03933910306845004
 0.03933910306845004
 0.03933910306845004
 0.03933910306845004
 0.03933910306845004
 0.03933910306845004
 0.03933910306845004
 0.03933910306845004
 0.03933910306845004
 0.03933910306845004
 0.03933910306845004
 0.03933910306845004
 0.03933910306845004
 0.03933910306845004
 0.03933910306845004
 0.03933910306845004
 0.03933910306845004
 0.03933910306845004
 0.03933910306845004
 0.03933910306845004
 0.03933910306845004
 0.03933910306845004
 0.03933910306845004
 0.03933910306845004
 0.03933910306845004
 0.03933910306845004
 0.03933910306845004
 0.03933910306845004
 0.03933910306845004
 0.03933910306845004
 0.03933910306845004
 0.03933910306845004
 0.03933910306845004
 0.03933910306845004
 0.03933910306845004
 0.03933910306845004
 0.03933910306845004
 0.03933910306845004
 0.03933910306845004
 0.03933910306845004
 0.3147128245476003
 0.6687647521636507
 0.1966955153422502
 0.03933910306845004
 0.03933910306845004
 0.03933910306845004
 0.8261211644374508
 3.343823760818253
 0.8261211644374508
 0.03933910306845004
 0.03933910306845004
 0.03933910306845004
 0.03933910306845004
 0.3933910306845004
 0.1573564122738002
 0.03933910306845004
 0.03933910306845004
 0.03933910306845004
 0.03933910306845004
 0.1180173092053501
 0.03933910306845004
 0.03933910306845004
 0.03933910306845004
 0.03933910306845004
 0.03933910306845004
 0.03933910306845004
 0.03933910306845004
 0.03933910306845004
 0.03933910306845004
 0.03933910306845004
 0.03933910306845004
 0.03933910306845004
 0.03933910306845004
 0.03933910306845004
 0.03933910306845004
 0.03933910306845004
 0.7474429583005507
 4.012588512981904
 0.3540519276160504
 0.1180173092053501
 0.03933910306845004
 0.03933910306845004
 3.815892997639654
 60.89693154996066
 3.619197482297404
 0.03933910306845004
 0.03933910306845004
 0.03933910306845004
 0.2360346184107002
 3.579858379228953
 1.022816679779701
 0.03933910306845004
 0.03933910306845004
 0.03933910306845004
 0.03933910306845004
 0.03933910306845004
 0.03933910306845004
 0.03933910306845004
 0.03933910306845004
 0.03933910306845004
 0.03933910306845004
 0.03933910306845004
 0.03933910306845004
 0.03933910306845004
 0.03933910306845004
 0.03933910306845004
 0.03933910306845004
 0.03933910306845004
 0.03933910306845004
 0.03933910306845004
 0.03933910306845004
 0.03933910306845004
 0.1180173092053501
 0.3540519276160504
 0.03933910306845004
 0.03933910306845004
 0.03933910306845004
 0.03933910306845004
 0.4720692368214005
 4.051927616050354
 0.3933910306845004
 0.03933910306845004
 0.03933910306845004
 0.03933910306845004
 0.2360346184107002
 0.9441384736428009
 0.6687647521636507


