 0.03766478342749529
 0.03766478342749529
 0.03766478342749529
 0.03766478342749529
 0.03766478342749529
 0.03766478342749529
 0.03766478342749529
 0.03766478342749529
 0.03766478342749529
 0.03766478342749529
 0.03766478342749529
 0.03766478342749529
 0.03766478342749529
 0.03766478342749529
 0.03766478342749529
 0.03766478342749529
 0.03766478342749529
 0.03766478342749529
 0.03766478342749529
 0.03766478342749529
 0.03766478342749529
 0.03766478342749529
 0.03766478342749529
 0.03766478342749529
 0.03766478342749529
 0.03766478342749529
 0.03766478342749529
 0.07532956685499058
 0.03766478342749529
 0.03766478342749529
 0.03766478342749529
 0.03766478342749529
 0.03766478342749529
 0.03766478342749529
 0.03766478342749529
 0.03766478342749529
 0.03766478342749529
 0.03766478342749529
 0.03766478342749529
 0.03766478342749529
 0.03766478342749529
 0.03766478342749529
 0.03766478342749529
 0.03766478342749529
 0.03766478342749529
 0.03766478342749529
 0.03766478342749529
 0.03766478342749529
 0.03766478342749529
 0.03766478342749529
 0.03766478342749529
 0.03766478342749529
 0.03766478342749529
 0.03766478342749529
 0.03766478342749529
 0.03766478342749529
 0.03766478342749529
 0.03766478342749529
 0.03766478342749529
 0.03766478342749529
 0.03766478342749529
 0.03766478342749529
 0.03766478342749529
 0.03766478342749529
 0.03766478342749529
 0.03766478342749529
 0.03766478342749529
 0.03766478342749529
 0.03766478342749529
 0.03766478342749529
 0.03766478342749529
 0.03766478342749529
 0.03766478342749529
 0.03766478342749529
 0.03766478342749529
 0.03766478342749529
 0.03766478342749529
 0.03766478342749529
 0.03766478342749529
 0.03766478342749529
 0.03766478342749529
 0.03766478342749529
 0.03766478342749529
 0.03766478342749529
 0.03766478342749529
 0.03766478342749529
 0.03766478342749529
 0.03766478342749529
 0.03766478342749529
 0.03766478342749529
 0.03766478342749529
 0.03766478342749529
 0.03766478342749529
 0.03766478342749529
 0.03766478342749529
 0.03766478342749529
 0.03766478342749529
 0.03766478342749529
 0.03766478342749529
 0.03766478342749529
 0.03766478342749529
 0.03766478342749529
 0.03766478342749529
 0.03766478342749529
 0.03766478342749529
 0.03766478342749529
 0.03766478342749529
 0.03766478342749529
 0.03766478342749529
 0.03766478342749529
 0.03766478342749529
 0.03766478342749529
 0.03766478342749529
 0.03766478342749529
 0.03766478342749529
 0.03766478342749529
 0.03766478342749529
 0.03766478342749529
 0.03766478342749529
 0.03766478342749529
 0.03766478342749529
 0.03766478342749529
 0.03766478342749529
 0.03766478342749529
 0.03766478342749529
 0.03766478342749529
 0.03766478342749529
 0.03766478342749529
 0.03766478342749529
 0.4896421845574388
 1.016949152542373
 0.1883239171374765
 0.03766478342749529
 0.03766478342749529
 0.03766478342749529
 0.8662900188323917
 4.030131826741997
 0.5649717514124294
 0.03766478342749529
 0.03766478342749529
 0.03766478342749529
 0.1129943502824859
 0.527306967984934
 0.1506591337099812
 0.03766478342749529
 0.03766478342749529
 0.03766478342749529
 0.03766478342749529
 0.07532956685499058
 0.03766478342749529
 0.03766478342749529
 0.03766478342749529
 0.03766478342749529
 0.03766478342749529
 0.03766478342749529
 0.03766478342749529
 0.03766478342749529
 0.03766478342749529
 0.03766478342749529
 0.03766478342749529
 0.03766478342749529
 0.03766478342749529
 0.03766478342749529
 0.03766478342749529
 0.03766478342749529
 0.8662900188323917
 3.91713747645951
 0.527306967984934
 0.03766478342749529
 0.03766478342749529
 0.03766478342749529
 3.879472693032015
 60
 3.804143126177025
 0.03766478342749529
 0.03766478342749529
 0.03766478342749529
 0.64030131826742
 3.691148775894538
 0.64030131826742
 0.03766478342749529
 0.03766478342749529
 0.03766478342749529
 0.03766478342749529
 0.03766478342749529
 0.03766478342749529
 0.03766478342749529
 0.03766478342749529
 0.03766478342749529
 0.03766478342749529
 0.03766478342749529
 0.03766478342749529
 0.03766478342749529
 0.03766478342749529
 0.03766478342749529
 0.03766478342749529
 0.03766478342749529
 0.03766478342749529
 0.03766478342749529
 0.03766478342749529
 0.03766478342749529
 0.3389830508474576
 0.527306967984934
 0.07532956685499058
 0.07532956685499058
 0.03766478342749529
 0.03766478342749529
 0.527306967984934
 3.653483992467043
 0.6026365348399246
 0.03766478342749529
 0.03766478342749529
 0.03766478342749529
 0.1883239171374765
 0.6026365348399246
 0.3389830508474576


