 0.08554319931565441
 0.08554319931565441
 0.08554319931565441
 0.08554319931565441
 0.08554319931565441
 0.08554319931565441
 0.08554319931565441
 0.08554319931565441
 0.08554319931565441
 0.08554319931565441
 0.08554319931565441
 0.08554319931565441
 0.08554319931565441
 0.08554319931565441
 0.08554319931565441
 0.08554319931565441
 0.08554319931565441
 0.08554319931565441
 0.08554319931565441
 0.08554319931565441
 0.08554319931565441
 0.08554319931565441
 0.08554319931565441
 0.08554319931565441
 0.08554319931565441
 0.08554319931565441
 0.08554319931565441
 0.08554319931565441
 0.08554319931565441
 0.08554319931565441
 0.08554319931565441
 0.08554319931565441
 0.08554319931565441
 0.08554319931565441
 0.08554319931565441
 0.1710863986313088
 0.08554319931565441
 0.08554319931565441
 0.08554319931565441
 0.08554319931565441
 0.08554319931565441
 0.08554319931565441
 0.08554319931565441
 0.08554319931565441
 0.08554319931565441
 0.08554319931565441
 0.08554319931565441
 0.08554319931565441
 0.08554319931565441
 0.08554319931565441
 0.08554319931565441
 0.08554319931565441
 0.08554319931565441
 0.08554319931565441
 0.08554319931565441
 0.08554319931565441
 0.08554319931565441
 0.08554319931565441
 0.08554319931565441
 0.08554319931565441
 0.08554319931565441
 0.08554319931565441
 0.08554319931565441
 0.08554319931565441
 0.1710863986313088
 0.08554319931565441
 0.08554319931565441
 0.08554319931565441
 0.08554319931565441
 0.08554319931565441
 0.08554319931565441
 0.08554319931565441
 0.08554319931565441
 0.08554319931565441
 0.08554319931565441
 0.08554319931565441
 0.08554319931565441
 0.08554319931565441
 0.08554319931565441
 0.08554319931565441
 0.08554319931565441
 0.08554319931565441
 0.08554319931565441
 0.08554319931565441
 0.08554319931565441
 0.08554319931565441
 0.08554319931565441
 0.08554319931565441
 0.08554319931565441
 0.08554319931565441
 0.08554319931565441
 0.08554319931565441
 0.08554319931565441
 0.08554319931565441
 0.08554319931565441
 0.08554319931565441
 0.08554319931565441
 0.08554319931565441
 0.08554319931565441
 0.08554319931565441
 0.08554319931565441
 0.08554319931565441
 0.08554319931565441
 0.08554319931565441
 0.08554319931565441
 0.08554319931565441
 0.08554319931565441
 0.08554319931565441
 0.08554319931565441
 0.08554319931565441
 0.08554319931565441
 0.08554319931565441
 0.08554319931565441
 0.08554319931565441
 0.08554319931565441
 0.08554319931565441
 0.08554319931565441
 0.08554319931565441
 0.08554319931565441
 0.08554319931565441
 0.08554319931565441
 0.08554319931565441
 0.08554319931565441
 0.08554319931565441
 0.08554319931565441
 0.08554319931565441
 0.08554319931565441
 0.08554319931565441
 0.08554319931565441
 0.3421727972626176
 0.427715996578272
 0.2566295979469632
 0.08554319931565441
 0.08554319931565441
 0.08554319931565441
 0.08554319931565441
 0.6843455945252352
 0.3421727972626176
 0.08554319931565441
 0.08554319931565441
 0.08554319931565441
 0.1710863986313088
 0.2566295979469632
 0.1710863986313088
 0.08554319931565441
 0.08554319931565441
 0.08554319931565441
 0.08554319931565441
 0.08554319931565441
 0.1710863986313088
 0.08554319931565441
 0.08554319931565441
 0.08554319931565441
 0.08554319931565441
 0.1710863986313088
 0.08554319931565441
 0.08554319931565441
 0.08554319931565441
 0.08554319931565441
 0.08554319931565441
 0.08554319931565441
 0.08554319931565441
 0.08554319931565441
 0.08554319931565441
 0.08554319931565441
 0.427715996578272
 0.5132591958939264
 0.08554319931565441
 0.1710863986313088
 0.1710863986313088
 0.08554319931565441
 0.7698887938408896
 65.78272027373824
 3.079555175363558
 0.08554319931565441
 0.08554319931565441
 0.08554319931565441
 0.2566295979469632
 2.90846877673225
 0.6843455945252352
 0.08554319931565441
 0.08554319931565441
 0.08554319931565441
 0.08554319931565441
 0.08554319931565441
 0.08554319931565441
 0.08554319931565441
 0.08554319931565441
 0.08554319931565441
 0.08554319931565441
 0.08554319931565441
 0.08554319931565441
 0.08554319931565441
 0.08554319931565441
 0.08554319931565441
 0.08554319931565441
 0.08554319931565441
 0.08554319931565441
 0.08554319931565441
 0.08554319931565441
 0.08554319931565441
 0.2566295979469632
 0.1710863986313088
 0.2566295979469632
 0.08554319931565441
 0.08554319931565441
 0.08554319931565441
 0.1710863986313088
 3.250641573994868
 0.427715996578272
 0.08554319931565441
 0.08554319931565441
 0.08554319931565441
 0.2566295979469632
 0.6843455945252352
 0.5988023952095809


