 0.2651515151515152
 0.07575757575757576
 0.07575757575757576
 0.07575757575757576
 0.07575757575757576
 0.03787878787878788
 0.03787878787878788
 0.07575757575757576
 0.1136363636363636
 0.1515151515151515
 0.03787878787878788
 0.07575757575757576
 0.03787878787878788
 0.07575757575757576
 0.07575757575757576
 0.2272727272727273
 0.07575757575757576
 0.03787878787878788
 0.07575757575757576
 0.1136363636363636
 0.1515151515151515
 0.1515151515151515
 0.07575757575757576
 0.1136363636363636
 0.1136363636363636
 0.03787878787878788
 0.07575757575757576
 0.03787878787878788
 0.03787878787878788
 0.03787878787878788
 0.03787878787878788
 0.03787878787878788
 0.03787878787878788
 0.1136363636363636
 0.07575757575757576
 0.07575757575757576
 0.03787878787878788
 0.07575757575757576
 0.03787878787878788
 0.1515151515151515
 0.03787878787878788
 0.03787878787878788
 0.03787878787878788
 0.07575757575757576
 0.1136363636363636
 0.3787878787878788
 0.03787878787878788
 0.03787878787878788
 0.1515151515151515
 0.07575757575757576
 0.4545454545454545
 0.9848484848484848
 0.1893939393939394
 0.03787878787878788
 0.07575757575757576
 0.1893939393939394
 0.9090909090909091
 0.9848484848484848
 0.2651515151515152
 0.07575757575757576
 0.07575757575757576
 0.07575757575757576
 0.1136363636363636
 0.1136363636363636
 0.03787878787878788
 0.07575757575757576
 0.03787878787878788
 0.03787878787878788
 0.07575757575757576
 0.1136363636363636
 0.03787878787878788
 0.03787878787878788
 0.03787878787878788
 0.03787878787878788
 0.1136363636363636
 0.1893939393939394
 0.03787878787878788
 0.07575757575757576
 0.07575757575757576
 0.2272727272727273
 0.4166666666666667
 0.8333333333333334
 0.1136363636363636
 0.07575757575757576
 0.07575757575757576
 0.303030303030303
 4.204545454545454
 6.477272727272728
 0.7575757575757576
 0.1136363636363636
 0.1893939393939394
 0.8712121212121213
 6.174242424242425
 8.674242424242424
 0.9090909090909091
 0.3409090909090909
 0.07575757575757576
 0.1515151515151515
 0.6439393939393939
 1.098484848484848
 0.2651515151515152
 0.03787878787878788
 0.07575757575757576
 0.07575757575757576
 0.03787878787878788
 0.1136363636363636
 0.1136363636363636
 0.03787878787878788
 0.07575757575757576
 0.1515151515151515
 0.1893939393939394
 0.1515151515151515
 0.07575757575757576
 0.07575757575757576
 0.1136363636363636
 0.2272727272727273
 0.9090909090909091
 0.8333333333333334
 0.1893939393939394
 0.07575757575757576
 0.1515151515151515
 1.060606060606061
 6.628787878787879
 8.522727272727272
 1.060606060606061
 0.1515151515151515
 0.1893939393939394
 0.8333333333333334
 9.318181818181818
 11.5530303030303
 0.9848484848484848
 0.1136363636363636
 0.1136363636363636
 0.2651515151515152
 0.7575757575757576
 1.212121212121212
 0.1515151515151515
 0.1136363636363636
 0.07575757575757576
 0.1136363636363636
 0.1136363636363636
 0.303030303030303
 0.1136363636363636
 0.07575757575757576
 0.07575757575757576
 0.1136363636363636
 0.07575757575757576
 0.07575757575757576
 0.03787878787878788
 0.1136363636363636
 0.03787878787878788
 0.03787878787878788
 0.303030303030303
 0.1893939393939394
 0.03787878787878788
 0.03787878787878788
 0.03787878787878788
 0.1893939393939394
 0.4924242424242424
 0.8712121212121213
 0.1515151515151515
 0.07575757575757576
 0.1136363636363636
 0.2272727272727273
 0.8712121212121213
 1.325757575757576
 0.2651515151515152
 0.07575757575757576
 0.03787878787878788
 0.07575757575757576
 0.1893939393939394
 0.2272727272727273
 0.1515151515151515
 0.03787878787878788
 0.03787878787878788
 0.03787878787878788
 0.03787878787878788
 0.1136363636363636
 0.07575757575757576
 0.03787878787878788
 0.1136363636363636
 0.03787878787878788
 0.03787878787878788
 0.03787878787878788
 0.07575757575757576
 0.03787878787878788
 0.07575757575757576
 0.03787878787878788
 0.03787878787878788
 0.1136363636363636
 0.07575757575757576
 0.03787878787878788
 0.03787878787878788
 0.03787878787878788
 0.1136363636363636
 0.07575757575757576
 0.03787878787878788
 0.03787878787878788
 0.07575757575757576
 0.1136363636363636
 0.1515151515151515
 0.2651515151515152
 0.1136363636363636
 0.07575757575757576
 0.07575757575757576
 0.03787878787878788
 0.03787878787878788
 0.1893939393939394
 0.07575757575757576
 0.03787878787878788
 0.07575757575757576
 0.07575757575757576
 0.03787878787878788
 0.03787878787878788
 0.03787878787878788
 0.1136363636363636


