 0.0580046403712297
 0.0580046403712297
 0.0580046403712297
 0.0580046403712297
 0.0580046403712297
 0.0580046403712297
 0.0580046403712297
 0.0580046403712297
 0.0580046403712297
 0.0580046403712297
 0.0580046403712297
 0.0580046403712297
 0.0580046403712297
 0.0580046403712297
 0.0580046403712297
 0.0580046403712297
 0.0580046403712297
 0.0580046403712297
 0.0580046403712297
 0.0580046403712297
 0.0580046403712297
 0.0580046403712297
 0.1160092807424594
 0.0580046403712297
 0.0580046403712297
 0.0580046403712297
 0.0580046403712297
 0.1160092807424594
 0.0580046403712297
 0.0580046403712297
 0.0580046403712297
 0.0580046403712297
 0.0580046403712297
 0.0580046403712297
 0.0580046403712297
 0.0580046403712297
 0.0580046403712297
 0.0580046403712297
 0.0580046403712297
 0.0580046403712297
 0.0580046403712297
 0.0580046403712297
 0.0580046403712297
 0.0580046403712297
 0.0580046403712297
 0.0580046403712297
 0.0580046403712297
 0.0580046403712297
 0.0580046403712297
 0.0580046403712297
 0.0580046403712297
 0.0580046403712297
 0.0580046403712297
 0.0580046403712297
 0.0580046403712297
 0.0580046403712297
 0.0580046403712297
 0.0580046403712297
 0.0580046403712297
 0.0580046403712297
 0.0580046403712297
 0.0580046403712297
 0.0580046403712297
 0.1160092807424594
 0.1160092807424594
 0.0580046403712297
 0.0580046403712297
 0.0580046403712297
 0.0580046403712297
 0.0580046403712297
 0.0580046403712297
 0.0580046403712297
 0.0580046403712297
 0.0580046403712297
 0.0580046403712297
 0.0580046403712297
 0.0580046403712297
 0.0580046403712297
 0.0580046403712297
 0.0580046403712297
 0.0580046403712297
 0.0580046403712297
 0.0580046403712297
 0.0580046403712297
 0.0580046403712297
 0.0580046403712297
 0.2320185614849188
 0.1740139211136891
 0.1160092807424594
 0.0580046403712297
 0.0580046403712297
 0.0580046403712297
 0.0580046403712297
 0.1160092807424594
 0.2320185614849188
 0.1160092807424594
 0.0580046403712297
 0.0580046403712297
 0.1160092807424594
 0.1160092807424594
 0.5220417633410672
 0.1160092807424594
 0.0580046403712297
 0.1160092807424594
 0.0580046403712297
 0.0580046403712297
 0.0580046403712297
 0.0580046403712297
 0.0580046403712297
 0.0580046403712297
 0.0580046403712297
 0.0580046403712297
 0.0580046403712297
 0.0580046403712297
 0.0580046403712297
 0.0580046403712297
 0.0580046403712297
 0.0580046403712297
 0.0580046403712297
 0.0580046403712297
 0.0580046403712297
 0.0580046403712297
 0.1160092807424594
 0.0580046403712297
 0.1740139211136891
 0.1160092807424594
 0.0580046403712297
 0.0580046403712297
 0.0580046403712297
 0.9280742459396751
 3.248259860788863
 0.1740139211136891
 0.1160092807424594
 0.0580046403712297
 0.2900232018561485
 3.074245939675174
 10.90487238979118
 0.5220417633410672
 0.0580046403712297
 0.0580046403712297
 0.0580046403712297
 0.1160092807424594
 0.3480278422273781
 0.1160092807424594
 0.0580046403712297
 0.0580046403712297
 0.0580046403712297
 0.1160092807424594
 0.1160092807424594
 0.0580046403712297
 0.0580046403712297
 0.0580046403712297
 0.0580046403712297
 0.0580046403712297
 0.1160092807424594
 0.0580046403712297
 0.0580046403712297
 0.0580046403712297
 0.1740139211136891
 0.2320185614849188
 0.4640371229698376
 0.0580046403712297
 0.0580046403712297
 0.0580046403712297
 0.1160092807424594
 3.306264501160093
 11.07888631090487
 0.2900232018561485
 0.1160092807424594
 0.1160092807424594
 0.4640371229698376
 10.73085846867749
 35.03480278422274
 1.102088167053364
 0.0580046403712297
 0.0580046403712297
 0.1160092807424594
 0.2900232018561485
 1.334106728538283
 0.1160092807424594
 0.0580046403712297
 0.0580046403712297
 0.0580046403712297
 0.0580046403712297
 0.0580046403712297
 0.0580046403712297
 0.0580046403712297
 0.0580046403712297
 0.0580046403712297
 0.0580046403712297
 0.1160092807424594
 0.0580046403712297
 0.0580046403712297
 0.0580046403712297
 0.0580046403712297
 0.0580046403712297
 0.1160092807424594
 0.0580046403712297
 0.0580046403712297
 0.0580046403712297
 0.2320185614849188
 0.1160092807424594
 0.2320185614849188
 0.0580046403712297
 0.0580046403712297
 0.0580046403712297
 0.0580046403712297
 0.6960556844547563
 0.9280742459396751
 0.1160092807424594
 0.0580046403712297
 0.0580046403712297
 0.0580046403712297
 0.1740139211136891
 0.0580046403712297
 0.0580046403712297


