 0.07733952049497293
 0.1160092807424594
 0.07733952049497293
 0.07733952049497293
 0.03866976024748647
 0.03866976024748647
 0.03866976024748647
 0.07733952049497293
 0.1160092807424594
 0.1160092807424594
 0.07733952049497293
 0.07733952049497293
 0.07733952049497293
 0.03866976024748647
 0.2706883217324053
 0.2706883217324053
 0.07733952049497293
 0.03866976024748647
 0.07733952049497293
 0.1160092807424594
 0.1160092807424594
 0.07733952049497293
 0.1160092807424594
 0.03866976024748647
 0.03866976024748647
 0.03866976024748647
 0.1160092807424594
 0.03866976024748647
 0.07733952049497293
 0.1160092807424594
 0.03866976024748647
 0.03866976024748647
 0.03866976024748647
 0.1546790409899459
 0.03866976024748647
 0.03866976024748647
 0.03866976024748647
 0.03866976024748647
 0.07733952049497293
 0.1160092807424594
 0.03866976024748647
 0.07733952049497293
 0.03866976024748647
 0.502706883217324
 0.5413766434648105
 0.4640371229698376
 0.1160092807424594
 0.03866976024748647
 0.07733952049497293
 0.2706883217324053
 1.121423047177108
 1.31477184841454
 0.2706883217324053
 0.03866976024748647
 0.1160092807424594
 0.3480278422273781
 1.044083526682134
 1.121423047177108
 0.4253673627223511
 0.1160092807424594
 0.07733952049497293
 0.1160092807424594
 0.07733952049497293
 0.2320185614849188
 0.1160092807424594
 0.07733952049497293
 0.03866976024748647
 0.03866976024748647
 0.03866976024748647
 0.03866976024748647
 0.1933488012374323
 0.03866976024748647
 0.07733952049497293
 0.1160092807424594
 0.1933488012374323
 0.1546790409899459
 0.1546790409899459
 0.03866976024748647
 0.07733952049497293
 0.6573859242072699
 0.8894044856921888
 1.160092807424594
 0.1933488012374323
 0.07733952049497293
 0.1933488012374323
 0.8894044856921888
 8.584686774941995
 5.68445475638051
 1.044083526682134
 0.2320185614849188
 0.1546790409899459
 0.9280742459396751
 5.413766434648106
 6.34184068058778
 1.237432327919567
 0.1546790409899459
 0.1160092807424594
 0.2320185614849188
 0.6960556844547563
 1.19876256767208
 0.580046403712297
 0.1160092807424594
 0.03866976024748647
 0.1160092807424594
 0.1546790409899459
 0.1160092807424594
 0.03866976024748647
 0.07733952049497293
 0.07733952049497293
 0.1160092807424594
 0.2706883217324053
 0.07733952049497293
 0.07733952049497293
 0.1160092807424594
 0.1160092807424594
 0.3480278422273781
 1.160092807424594
 1.044083526682134
 0.2320185614849188
 0.07733952049497293
 0.1546790409899459
 1.508120649651972
 5.297757153905646
 6.225831399845321
 1.082753286929621
 0.1546790409899459
 0.1546790409899459
 1.237432327919567
 6.380510440835267
 6.34184068058778
 0.9280742459396751
 0.1546790409899459
 0.1160092807424594
 0.3093580819798917
 1.082753286929621
 0.9667440061871616
 0.3866976024748647
 0.1160092807424594
 0.07733952049497293
 0.07733952049497293
 0.1160092807424594
 0.2320185614849188
 0.07733952049497293
 0.1160092807424594
 0.07733952049497293
 0.03866976024748647
 0.1160092807424594
 0.07733952049497293
 0.07733952049497293
 0.03866976024748647
 0.03866976024748647
 0.07733952049497293
 0.3480278422273781
 0.3480278422273781
 0.03866976024748647
 0.03866976024748647
 0.1160092807424594
 0.3093580819798917
 1.082753286929621
 0.6187161639597835
 0.3866976024748647
 0.03866976024748647
 0.1933488012374323
 0.3093580819798917
 1.121423047177108
 1.19876256767208
 0.2320185614849188
 0.1160092807424594
 0.03866976024748647
 0.1160092807424594
 0.4253673627223511
 0.580046403712297
 0.6187161639597835
 0.03866976024748647
 0.03866976024748647
 0.03866976024748647
 0.1160092807424594
 0.1160092807424594
 0.1546790409899459
 0.07733952049497293
 0.07733952049497293
 0.07733952049497293
 0.03866976024748647
 0.03866976024748647
 0.03866976024748647
 0.03866976024748647
 0.07733952049497293
 0.03866976024748647
 0.03866976024748647
 0.07733952049497293
 0.03866976024748647
 0.07733952049497293
 0.1160092807424594
 0.03866976024748647
 0.2320185614849188
 0.1160092807424594
 0.07733952049497293
 0.03866976024748647
 0.03866976024748647
 0.03866976024748647
 0.3480278422273781
 0.1160092807424594
 0.03866976024748647
 0.1160092807424594
 0.03866976024748647
 0.07733952049497293
 0.1546790409899459
 0.1546790409899459
 0.03866976024748647
 0.07733952049497293
 0.07733952049497293
 0.03866976024748647
 0.1546790409899459
 0.03866976024748647
 0.03866976024748647
 0.1546790409899459


