 0.03780718336483932
 0.03780718336483932
 0.03780718336483932
 0.03780718336483932
 0.03780718336483932
 0.03780718336483932
 0.03780718336483932
 0.1134215500945179
 0.03780718336483932
 0.03780718336483932
 0.03780718336483932
 0.03780718336483932
 0.03780718336483932
 0.03780718336483932
 0.03780718336483932
 0.03780718336483932
 0.03780718336483932
 0.03780718336483932
 0.03780718336483932
 0.03780718336483932
 0.03780718336483932
 0.03780718336483932
 0.03780718336483932
 0.03780718336483932
 0.03780718336483932
 0.03780718336483932
 0.03780718336483932
 0.03780718336483932
 0.03780718336483932
 0.03780718336483932
 0.03780718336483932
 0.03780718336483932
 0.03780718336483932
 0.03780718336483932
 0.03780718336483932
 0.03780718336483932
 0.03780718336483932
 0.1134215500945179
 0.03780718336483932
 0.03780718336483932
 0.03780718336483932
 0.03780718336483932
 0.1134215500945179
 91.531190926276
 0.03780718336483932
 0.03780718336483932
 0.03780718336483932
 0.07561436672967864
 0.03780718336483932
 0.03780718336483932
 0.03780718336483932
 0.03780718336483932
 0.03780718336483932
 0.03780718336483932
 0.03780718336483932
 0.03780718336483932
 0.03780718336483932
 0.03780718336483932
 0.03780718336483932
 0.03780718336483932
 0.03780718336483932
 0.03780718336483932
 0.03780718336483932
 0.03780718336483932
 0.03780718336483932
 0.03780718336483932
 0.03780718336483932
 0.07561436672967864
 0.03780718336483932
 0.03780718336483932
 0.03780718336483932
 0.03780718336483932
 0.03780718336483932
 0.03780718336483932
 0.03780718336483932
 0.03780718336483932
 0.03780718336483932
 0.03780718336483932
 0.03780718336483932
 0.03780718336483932
 0.03780718336483932
 0.03780718336483932
 0.03780718336483932
 0.03780718336483932
 0.03780718336483932
 0.03780718336483932
 0.03780718336483932
 0.03780718336483932
 0.03780718336483932
 0.03780718336483932
 0.03780718336483932
 0.03780718336483932
 0.03780718336483932
 0.03780718336483932
 0.03780718336483932
 0.03780718336483932
 0.03780718336483932
 0.03780718336483932
 0.03780718336483932
 0.03780718336483932
 0.03780718336483932
 0.03780718336483932
 0.03780718336483932
 0.03780718336483932
 0.03780718336483932
 0.03780718336483932
 0.03780718336483932
 0.03780718336483932
 0.03780718336483932
 0.03780718336483932
 0.03780718336483932
 0.03780718336483932
 0.03780718336483932
 0.03780718336483932
 0.03780718336483932
 0.03780718336483932
 0.03780718336483932
 0.03780718336483932
 0.03780718336483932
 0.03780718336483932
 0.03780718336483932
 0.03780718336483932
 0.03780718336483932
 0.03780718336483932
 0.03780718336483932
 0.03780718336483932
 0.03780718336483932
 0.03780718336483932
 0.03780718336483932
 0.03780718336483932
 0.03780718336483932
 0.03780718336483932
 0.03780718336483932
 0.03780718336483932
 0.03780718336483932
 0.03780718336483932
 0.03780718336483932
 0.03780718336483932
 0.03780718336483932
 0.03780718336483932
 0.03780718336483932
 0.03780718336483932
 0.03780718336483932
 0.03780718336483932
 0.03780718336483932
 0.03780718336483932
 0.03780718336483932
 0.03780718336483932
 0.03780718336483932
 0.03780718336483932
 0.03780718336483932
 0.03780718336483932
 0.03780718336483932
 0.03780718336483932
 0.03780718336483932
 0.03780718336483932
 0.03780718336483932
 0.03780718336483932
 0.03780718336483932
 0.03780718336483932
 0.03780718336483932
 0.03780718336483932
 0.03780718336483932
 0.03780718336483932
 0.03780718336483932
 0.03780718336483932
 0.03780718336483932
 0.03780718336483932
 0.03780718336483932
 0.03780718336483932
 0.03780718336483932
 0.03780718336483932
 0.03780718336483932
 0.03780718336483932
 0.03780718336483932
 0.03780718336483932
 0.03780718336483932
 0.03780718336483932
 0.03780718336483932
 0.03780718336483932
 0.03780718336483932
 0.03780718336483932
 0.03780718336483932
 0.03780718336483932
 0.03780718336483932
 0.03780718336483932
 0.03780718336483932
 0.07561436672967864
 0.03780718336483932
 0.03780718336483932
 0.03780718336483932
 0.03780718336483932
 0.03780718336483932
 0.03780718336483932
 0.03780718336483932
 0.03780718336483932
 0.03780718336483932
 0.03780718336483932
 0.03780718336483932
 0.03780718336483932
 0.03780718336483932
 0.03780718336483932
 0.03780718336483932
 0.03780718336483932
 0.03780718336483932
 0.03780718336483932
 0.03780718336483932
 0.03780718336483932
 0.03780718336483932
 0.03780718336483932
 0.03780718336483932
 0.03780718336483932
 0.03780718336483932
 0.03780718336483932
 0.03780718336483932
 0.03780718336483932


