-0.09239805648829466 -0.06142841432059322 -0.03045877215289177 5.108700148096779E-4 0.03148051218251112 0.06245015435021256 0.09341979651791402 
-0.4546843177189409 -0.36216478136030067 -0.2696452450016604 -0.17712570864302024 -0.08460617228438 0.007913364074260243 0.10043290043290043 
-0.1910364491657145 -0.1409755801397826 -0.09091471111385067 -0.04085384208791876 0.009207026938013146 0.05926789596394505 0.10932876498987698 
-0.23277182235834615 -0.17707511018125088 -0.12137839800415562 -0.06568168582706035 -0.00998497364996509 0.045711738527130175 0.10140845070422544 
-0.17458677685950408 -0.1287425692329998 -0.08289836160649551 -0.03705415397999123 0.008790053646513057 0.05463426127301735 0.10047846889952161 
-0.38413956552951706 -0.3033486278402541 -0.22255769015099117 -0.1417667524617282 -0.060975814772465275 0.019815122916797656 0.10060606060606064 
-0.5493150684931507 -0.44093087390930874 -0.3325466793254668 -0.22416248474162487 -0.1157782901577829 -0.007394095573940995 0.10099009900990097 
-0.5358778625954198 -0.429734015217037 -0.32359016783865424 -0.21744632046027146 -0.11130247308188868 -0.0051586257035058924 0.10098522167487689 
-0.10091743119266064 -0.042662674142032016 0.015592082908596608 0.07384683995922522 0.13210159700985386 0.19035635406048249 0.2486111111111111 
-0.30045067120220625 -0.2332207476196907 -0.16599082403717516 -0.09876090045465963 -0.03153097687214407 0.03569894671037149 0.102928870292887 
-0.10084033613445369 -0.06716614356585998 -0.03349195099726626 1.8224157132744334E-4 0.03385643413992116 0.06753062670851488 0.10120481927710857 
-0.598786959818044 -0.2489891331817033 0.10080869345463739 0.4506065200909781 0.8004043467273187 1.1502021733636594 1.5000000000000002 
-0.24662302548853476 -0.1887869044425454 -0.13095078339655603 -0.07311466235056663 -0.015278541304577259 0.04255757974141211 0.10039370078740151 
-0.4619462474342068 -0.3682003561069889 -0.274454464779771 -0.1807085734525531 -0.0869626821253352 0.0067832092018826895 0.10052910052910063 
-0.4815701269470136 -0.38437024413932025 -0.2871703613316269 -0.18997047852393356 -0.09277059571624019 0.004429287091453182 0.1016291698991465 
-0.10021474588403724 -0.06678272848827002 -0.033350711092502816 8.130630326440291E-5 0.03351332369903161 0.06694534109479881 0.10037735849056605 
-0.10005130836326319 -0.0666703458713008 -0.0332893833793384 9.157911262398788E-5 0.03347254160458639 0.06685350409654879 0.10023446658851116 
-0.10585106382978733 -0.07142045306938932 -0.03698984230899133 -0.0025592315485933187 0.031871379211804676 0.06630198997220267 0.1007326007326007 
-0.38751426370046715 -0.3061117362669058 -0.22470920883334444 -0.1433066813997831 -0.06190415396622173 0.019498373467339625 0.10090090090090098 
-0.10109289617486342 -0.06734431324595261 -0.0335957303170418 1.5285261186900878E-4 0.03390143554077982 0.06765001846969063 0.10139860139860143 
-0.4064753538890703 -0.3218344844052755 -0.2371936149214807 -0.15255274543768588 -0.06791187595389109 0.016728993529903702 0.10136986301369855 
-0.10089686098654713 -0.06729584751242992 -0.033694834038312735 -9.382056419554585E-5 0.03350719290992166 0.06710820638403886 0.10070921985815603 
-0.1001556824078879 0.3428111616887273 0.7857780057853425 1.2287448498819575 1.6717116939785728 2.114678538075188 2.557645382171803 
-0.10649819494584835 0.3498479954398633 0.8061941858255749 1.2625403762112866 1.7188865665969981 2.1752327569827097 2.6315789473684212 
-0.535594358629953 0.17768400603902013 0.8909623707079932 1.6042407353769663 2.3175191000459394 3.0307974647149125 3.7440758293838856 
-0.10025873221216046 -0.06680347463700528 -0.033348217061850094 1.0704051330508169E-4 0.03356229808846027 0.06701755566361546 0.10047281323877062 
-0.28852488397796056 -0.2236245378178911 -0.15872419165782167 -0.09382384549775225 -0.02892349933768279 0.035976846822386666 0.10087719298245607 
-0.5911231357055716 -0.4758683273736906 -0.3606135190418096 -0.24535871070992865 -0.13010390237804764 -0.014849094046166633 0.10040571428571432 
-0.2836976320582878 -0.21971394355232232 -0.15573025504635682 -0.09174656654039132 -0.027762878034425842 0.03622081047153963 0.10020449897750516 
-0.49123966942148756 -0.39262430973660917 -0.2940089500517308 -0.1953935903668524 -0.096778230681974 0.0018371290029043919 0.10045248868778278 
-0.5211549456832475 -0.417608188589635 -0.3140614314960225 -0.21051467440241 -0.10696791730879751 -0.003421160215185015 0.10012559687842748 
