-0.09239805648829466 -0.06142841432059322 -0.03045877215289177 5.108700148096779E-4 0.03148051218251112 0.06245015435021256 0.09341979651791402 
-0.0912667 -0.0575120 -0.0237572 0.0099976 0.0437523 0.0775071 0.1112619
-0.0911201 -0.0575921 -0.0240641 0.0094639 0.0429919 0.0765198 0.1100478
-0.091222 0.015888 0.122999 0.230109 0.337220 0.444330 0.551440
-0.091760 -0.057833 -0.023906 0.010020 0.043947 0.077874 0.111801
-0.091549 -0.057679 -0.023808 0.010063 0.043934 0.077804 0.111675
-0.091168 -0.050592 -0.010016 0.030560 0.071136 0.111712 0.152288
-0.091473 -0.057530 -0.023586 0.010357 0.044301 0.078244 0.112187
-0.0920245 -0.0580363 -0.0240481 0.0099401 0.0439283 0.0779165 0.1119048
-0.091696 0.235801 0.563297 0.890793 1.218290 1.545786 1.873282
-0.090967 0.077548 0.246064 0.414580 0.583095 0.751611 0.920127
-0.091304 -0.057509 -0.023713 0.010083 0.043879 0.077674 0.111470
-0.091827 -0.057542 -0.023257 0.011028 0.045313 0.079598 0.113883
-0.091324 -0.057485 -0.023645 0.010194 0.044034 0.077873 0.111712
-0.091559 -0.057691 -0.023823 0.010046 0.043914 0.077782 0.111650
-0.091954 -0.057126 -0.022298 0.012530 0.047359 0.082187 0.117015
-0.500000 -0.242885 0.014230 0.271345 0.528461 0.785576 1.042691
-0.091288 -0.057005 -0.022722 0.011561 0.045844 0.080127 0.114410
-0.091387 -0.057589 -0.023791 0.010006 0.043804 0.077601 0.111399
-0.091083 -0.057368 -0.023652 0.010063 0.043778 0.077494 0.111209
-0.091727 -0.057747 -0.023768 0.010211 0.044191 0.078170 0.112150
-0.091104 -0.057248 -0.023392 0.010465 0.044321 0.078177 0.112033
-0.091174 -0.057380 -0.023586 0.010208 0.044002 0.077796 0.111590
-0.0933232 -0.0591947 -0.0250661 0.0090624 0.0431910 0.0773195 0.1114481
-0.0919037 -0.0579935 -0.0240832 0.0098270 0.0437373 0.0776475 0.1115578
-0.0915954 -0.0577566 -0.0239179 0.0099208 0.0437595 0.0775982 0.1114370
-0.091025 -0.057303 -0.023582 0.010140 0.043861 0.077583 0.111304
-0.091210 -0.057435 -0.023660 0.010115 0.043890 0.077665 0.111440
-0.091132 -0.057069 -0.023006 0.011057 0.045120 0.079183 0.113246
-0.091234 -0.057484 -0.023733 0.010017 0.043768 0.077518 0.111269
-0.091346 0.021070 0.133485 0.245901 0.358317 0.470733 0.583149
-0.092254 -0.021322 0.049609 0.120540 0.191471 0.262402 0.333333
-0.091221 -0.057455 -0.023688 0.010078 0.043844 0.077610 0.111376
-0.091103 -0.057390 -0.023677 0.010036 0.043749 0.077462 0.111174
-0.091381 -0.056421 -0.021460 0.013500 0.048461 0.083421 0.118382
-0.0914634 -0.0576580 -0.0238526 0.0099527 0.0437581 0.0775635 0.1113689
-0.0919540 -0.0580064 -0.0240587 0.0098889 0.0438366 0.0777842 0.1117318
-0.0917031 -0.0578559 -0.0240087 0.0098385 0.0436857 0.0775329 0.1113801
-0.091312 -0.057527 -0.023742 0.010043 0.043829 0.077614 0.111399
-0.091063 -0.057341 -0.023618 0.010104 0.043827 0.077549 0.111272
-0.091324 -0.057548 -0.023772 0.010004 0.043780 0.077556 0.111332
-0.0917108 -0.0578762 -0.0240417 0.0097928 0.0436273 0.0774619 0.1112964
-0.091837 -0.023444 0.044948 0.113341 0.181733 0.250126 0.318519
-0.091246 0.100572 0.292390 0.484208 0.676026 0.867845 1.059663
-0.091078 -0.026156 0.038767 0.103689 0.168611 0.233534 0.298456
-0.091246 0.127665 0.346577 0.565488 0.784399 1.003311 1.222222
-0.091283 0.084858 0.260999 0.437140 0.613280 0.789421 0.965562
-0.090909 0.105635 0.302180 0.498725 0.695269 0.891814 1.088358
-0.091073 0.111770 0.314613 0.517456 0.720298 0.923141 1.125984
-0.091216 -0.056552 -0.021887 0.012777 0.047441 0.082106 0.116770
-0.0912073 -0.0094136 0.0723802 0.1541739 0.2359677 0.3177615 0.3995552
