6.13320675e+01 2.32767798e+01
5.91651458e+01 1.01498887e+01
6.73884459e+01 2.05071243e+01
4.26035819e+01 1.55874783e+01
4.76431739e+01 1.94959287e+01
2.02042823e+01 1.88410275e+01
6.27045125e+01 2.64871799e+01
6.68473466e+01 1.98655415e+01
5.35647759e+01 4.00381077e+01
5.34184321e+01 2.66788321e+01
1.00000000e+02 1.00000000e+02
6.43376341e+01 2.37609354e+01
5.53282880e+01 8.98327615e+00
3.96698683e+01 3.41572451e+01
6.08644139e+01 2.20713673e+01
6.72221006e+01 2.32762814e+01
3.73733060e+01 2.16756854e+01
6.81539696e+01 1.87633121e+01
4.02049356e+01 1.99914148e+01
6.49234084e+01 2.58522377e+01 
4.10071076e+01 2.45477938e+01
6.76685393e+01 2.44391799e+01
7.99807222e+01 1.56095144e+01
5.80349968e+01 2.18634966e+01
5.09311041e+01 2.14001450e+01
5.23654274e+01 2.47771715e+01
5.33823671e+01 3.42398837e+01
4.93077420e+01 2.28796536e+01
4.68472023e+01 2.67982544e+01
5.23634673e+01 3.22108716e+01
